num crossings	time (s)	maj axis (mm)	min axis (mm)	theta (rad )	slope (V/s)
5985	8508.848474	117.891918	-1.912682	3.614095	43.550477
5987	8510.918035	118.232594	-1.850652	3.611757	44.881951
5989	8512.991400	117.812065	-1.661536	3.617451	44.655301
5991	8515.066082	118.070488	-1.626238	3.630468	42.498536
5993	8517.136131	118.163220	-1.653894	3.630760	43.392658
5995	8519.201525	118.283773	-1.856821	3.619019	43.762151
5997	8521.265766	118.077588	-1.665234	3.607837	43.792909
5999	8523.334494	116.084987	-1.673802	3.610305	43.674061
6001	8525.408800	118.197748	-2.744911	3.630975	42.634543
6003	8527.482937	117.695198	-1.076939	3.626584	41.953027
6005	8529.552681	117.116719	-1.543647	3.626321	42.493765
6007	8531.619899	116.883175	-1.551928	3.620950	42.487504
6009	8533.686567	117.564638	-1.399642	3.615951	41.450954
6011	8535.753747	116.656970	-1.454180	3.610702	41.515772
6013	8537.821873	116.812061	-1.340202	3.610753	40.614265
6015	8539.890670	115.677847	-1.408042	3.610491	40.588003
6017	8541.959780	114.863874	-1.502548	3.617027	41.095767
6019	8544.029364	115.528704	-1.319133	3.612048	42.214566
6021	8546.099445	115.228940	-1.348700	3.610400	41.195314
6023	8548.170009	115.562938	-1.279736	3.612502	40.993913
6025	8550.241683	114.735512	-1.292803	3.612720	40.670663
6027	8552.313423	114.987348	-1.229137	3.610182	39.853314
6029	8554.384633	114.378173	-1.240090	3.607157	40.570374
6031	8556.453373	114.100419	-1.287702	3.610613	41.581819
6033	8558.518637	114.858463	-1.124409	3.611024	40.809698
6035	8560.582673	114.541053	-1.081363	3.617980	40.715095
6037	8562.650990	114.035459	-1.080688	3.615352	40.337360
6039	8564.723382	113.556241	-1.220116	3.611559	40.009398
6041	8566.797152	113.801987	-1.093706	3.608584	39.503095
6043	8568.869354	114.287795	-0.898738	3.612626	39.995716
6045	8570.938767	114.656747	-0.330335	3.619954	39.072804
6047	8573.004866	114.129087	-1.892039	3.620630	39.395380
6049	8575.070422	113.917293	-0.837680	3.612208	39.770250
6051	8577.137043	113.303891	-0.920945	3.611937	40.168893
6053	8579.205073	113.005016	-0.981957	3.611669	39.687707
6055	8581.273977	112.520924	-0.884673	3.610198	39.486822
6057	8583.343173	112.529791	-0.803090	3.608751	39.888331
6059	8585.412698	111.891268	-0.842261	3.607330	39.114608
6061	8587.483665	111.729022	-0.830085	3.605948	38.876268
6063	8589.555458	113.062134	-1.871524	3.621757	38.632944
6065	8591.628435	112.318950	-0.428955	3.614352	38.578400
6067	8593.700510	112.266167	-0.492538	3.618784	37.982135
6069	8595.769649	112.228691	-0.565359	3.619127	38.386636
6071	8597.836354	112.202220	-0.661017	3.613942	38.921499
6073	8599.901491	111.841068	-0.606305	3.606320	38.909118
6075	8601.967243	111.225370	-0.619507	3.599098	38.200670
6077	8604.035246	110.571409	-0.573488	3.598641	38.296807
6079	8606.106516	111.627284	0.554833	3.617499	38.002212
6081	8608.179727	111.301633	0.470633	3.618679	37.141168
6083	8610.252550	110.535415	-0.323630	3.613336	37.071085
6085	8612.323277	110.755065	-0.287837	3.615044	36.801142
6087	8614.392561	110.624580	-0.280360	3.614293	37.062680
6089	8616.461443	110.115326	-0.411296	3.610995	36.663854
6091	8618.530596	110.134657	-0.283101	3.610932	37.336461
6093	8620.600126	109.782015	-0.323365	3.608768	37.885636
6095	8622.669113	109.762713	-0.294552	3.608199	37.232796
6097	8624.737283	110.670746	0.153528	3.613497	36.853710
6099	8626.803484	110.195147	-1.136781	3.617539	36.216494
6101	8628.868542	109.580366	-0.187859	3.610184	37.140945
6103	8630.934285	108.777100	-0.177705	3.612724	37.013892
6105	8633.003100	108.564691	-0.240207	3.610307	35.653121
6107	8635.074347	108.292267	-0.231518	3.608615	37.127782
6109	8637.146886	108.281574	-0.184465	3.608345	36.558008
6111	8639.219327	108.324552	-0.086158	3.607124	36.295910
6113	8641.290419	108.676492	-0.008945	3.607612	36.201638
6115	8643.360497	108.305760	-0.020099	3.607965	35.449423
6117	8645.428845	108.777426	0.605632	3.619070	35.662949
6119	8647.496105	108.150704	0.049053	3.610661	35.210834
6121	8649.563119	108.448863	-0.971010	3.620405	36.458270
6123	8651.629883	107.741417	0.036991	3.609002	36.734071
6125	8653.697486	107.594303	0.087664	3.609700	36.404874
6127	8655.766243	106.920269	0.051460	3.607604	35.840263
6129	8657.835621	106.568330	0.035792	3.607306	35.441419
6131	8659.905179	106.743107	0.161004	3.606357	35.193739
6133	8661.976399	106.397647	0.236202	3.608247	35.565002
6135	8664.047684	106.640757	0.285162	3.610605	35.984284
6137	8666.118679	106.867038	0.409921	3.614596	35.783686
6139	8668.189282	105.540274	0.159504	3.616975	34.216925
6141	8670.258445	106.516677	0.383921	3.617519	35.562198
6143	8672.326402	106.599222	0.336909	3.616205	35.108109
6145	8674.393650	106.288082	0.366953	3.612546	35.790521
6147	8676.459839	106.273214	0.338049	3.607953	34.904190
6149	8678.526231	105.774747	0.357406	3.604026	35.488867
6151	8680.592430	105.173001	0.363793	3.600780	35.015174
6153	8682.660151	105.455457	0.509934	3.600534	34.225784
6155	8684.730295	104.706360	0.451985	3.603445	34.440814
6157	8686.802198	106.161579	-0.729689	3.621917	33.951628
6159	8688.874422	105.564367	-0.749786	3.622040	33.981068
6161	8690.945981	104.796760	0.675784	3.612174	33.809639
6163	8693.016450	104.775093	0.780882	3.613596	34.690143
6165	8695.085872	104.951923	0.810778	3.613456	34.080626
6167	8697.155084	104.487722	0.790064	3.610995	33.823739
6169	8699.223593	106.586867	-0.882250	3.622125	34.296542
6171	8701.291046	104.809874	-0.491995	3.620201	33.451691
6173	8703.357604	103.341320	0.708153	3.617522	33.776581
6175	8705.423112	103.818475	0.841174	3.614027	33.307199
6177	8707.489149	103.308841	0.865680	3.612563	33.618571
6179	8709.556835	103.181965	0.877956	3.615654	32.543355
6181	8711.626250	103.194678	0.947709	3.612814	32.883732
6183	8713.696800	103.165444	0.954073	3.611615	32.970877
6185	8715.768201	102.716437	0.963852	3.610624	32.743742
6187	8717.839289	102.530995	1.046942	3.610606	33.223198
6189	8719.910169	103.075491	1.128387	3.612497	32.887462
6191	8721.980391	101.959739	0.982050	3.609683	33.835149
6193	8724.050567	102.671703	1.202104	3.614787	32.377807
6195	8726.120286	102.005076	1.118582	3.615024	31.932078
6197	8728.189659	102.184764	1.219640	3.612456	32.611837
6199	8730.258953	102.270497	1.275867	3.615358	31.476639
6201	8732.327765	102.247666	1.364930	3.616728	31.655797
6203	8734.396111	101.993079	1.383880	3.616003	32.612550
6205	8736.464669	102.556478	1.642578	3.621865	31.457370
6207	8738.532488	102.082364	1.510414	3.618704	31.726858
6209	8740.600903	101.159908	1.336668	3.616972	32.034677
6211	8742.669349	102.310210	0.047428	3.628878	31.357452
6213	8744.737879	102.147644	0.031280	3.630288	31.629888
6215	8746.806539	100.666288	1.411221	3.616782	31.696825
6217	8748.875830	101.636753	0.220053	3.630230	30.957198
6219	8750.945177	101.578910	0.194651	3.632394	31.432268
6221	8753.014753	101.040225	0.268271	3.632850	30.579806
6223	8755.084378	100.089012	1.570494	3.622816	31.964699
6225	8757.153942	100.242621	1.717430	3.623532	31.541503
6227	8759.223201	100.319831	1.695881	3.624747	30.442517
6229	8761.292329	99.951974	1.657165	3.624880	30.356739
6231	8763.361250	99.834718	1.689906	3.624915	31.357029
6233	8765.429646	99.859889	1.701342	3.626113	30.266424
6235	8767.498268	100.512715	1.934315	3.628948	30.585426
6237	8769.566264	99.473943	1.751704	3.625555	30.781166
6239	8771.634156	99.406788	1.766716	3.624782	31.304650
6241	8773.702306	99.084084	1.768513	3.621856	30.836994
6243	8775.769653	99.671565	1.886552	3.623677	30.501009
6245	8777.836953	98.526676	1.829845	3.624046	29.972148
6247	8779.904559	99.355346	1.958876	3.620873	31.210671
6249	8781.971335	98.472375	1.912106	3.619153	30.478472
6251	8784.038356	98.220763	1.924449	3.618272	29.553311
6253	8786.105992	97.667715	1.934066	3.618914	30.440178
6255	8788.174447	97.877927	2.012853	3.617503	29.985909
6257	8790.244200	97.009024	2.071186	3.624575	29.827348
6259	8792.315152	97.527585	2.174430	3.623134	28.970313
6261	8794.386613	98.569124	3.211902	3.639181	29.405242
6263	8796.457809	97.419959	2.279058	3.626629	29.579934
6265	8798.528183	97.525924	2.334521	3.627746	30.057081
6267	8800.597471	97.452815	2.345121	3.630562	29.470797
6269	8802.666090	98.826444	3.344270	3.639594	30.200962
6271	8804.734350	98.312034	0.792802	3.642952	28.837033
6273	8806.801280	98.767836	1.009035	3.642304	30.065288
6275	8808.867597	96.275237	2.376613	3.637530	29.411425
6277	8810.933469	96.851868	2.477635	3.629786	29.850838
6279	8813.000428	96.567258	2.549391	3.632468	29.337079
6281	8815.068143	96.452748	2.532950	3.632620	29.896617
6283	8817.136909	96.355204	2.559520	3.632261	29.274911
6285	8819.206886	97.075831	0.920525	3.650814	28.888180
6287	8821.277169	96.103953	2.715512	3.632197	28.363247
6289	8823.347033	95.595119	2.715627	3.632741	28.567414
6291	8825.416922	95.382511	2.719219	3.632802	28.732799
6293	8827.486302	95.196539	2.729977	3.635181	28.711478
6295	8829.555557	95.158267	2.791033	3.635884	28.389774
6297	8831.623931	95.137152	2.831557	3.635638	28.580501
6299	8833.692877	95.137616	2.895026	3.634587	28.180537
6301	8835.760807	94.831849	2.889364	3.636295	28.344293
6303	8837.828672	94.719057	2.964059	3.636755	28.941981
6305	8839.896286	94.646936	2.981855	3.635290	28.553121
6307	8841.963784	94.057726	3.001002	3.636749	28.169257
6309	8844.031039	94.062897	3.030811	3.635116	27.356213
6311	8846.099214	93.860285	3.085785	3.635622	28.031648
6313	8848.168325	93.778175	3.167219	3.635538	28.393377
6315	8850.238422	93.242719	3.194935	3.643000	28.327542
6317	8852.309497	93.639795	3.290581	3.642604	27.641012
6319	8854.380682	93.247448	3.299569	3.646331	26.769177
6321	8856.451389	93.679478	3.426865	3.644049	27.408526
6323	8858.521484	93.775500	3.493826	3.645721	27.889572
6325	8860.590312	94.970683	1.948450	3.660039	27.588314
6327	8862.658549	93.951973	3.607565	3.646694	27.471307
6329	8864.726639	94.963488	1.961601	3.662025	27.179614
6331	8866.792889	92.548735	3.478037	3.648068	27.588244
6333	8868.859205	93.849936	3.758745	3.650847	27.331706
6335	8870.924966	92.822311	3.672255	3.650068	26.909829
6337	8872.992043	92.729005	3.671629	3.652492	27.095147
6339	8875.060009	92.397585	3.694011	3.651976	26.281264
6341	8877.129030	92.491898	3.748103	3.652485	26.406315
6343	8879.198401	92.273587	3.738226	3.651625	27.327351
6345	8881.268162	91.826092	3.784990	3.652112	27.100519
6347	8883.337719	91.775150	3.824200	3.651837	25.864004
6349	8885.406724	91.889304	3.884452	3.653577	25.935082
6351	8887.475634	91.869428	3.887954	3.651235	26.644667
6353	8889.544323	91.411306	3.921103	3.654985	26.803747
6355	8891.612210	91.286591	3.966974	3.655754	25.598796
6357	8893.680173	91.968749	4.134080	3.654946	25.769704
6359	8895.747758	91.040839	4.032154	3.654303	25.551599
6361	8897.815504	90.493978	4.044378	3.658176	26.277131
6363	8899.883646	90.989262	4.200905	3.654983	26.013052
6365	8901.952434	89.917607	4.148824	3.660076	26.202045
6367	8904.022409	90.092920	4.194565	3.660991	26.394275
6369	8906.093279	89.963185	4.286935	3.665339	26.625090
6371	8908.164385	90.157169	4.358542	3.664665	26.297618
6373	8910.235247	90.116201	4.418714	3.665022	24.995209
6375	8912.305388	91.719030	2.930127	3.683799	25.501458
6377	8914.374541	90.012509	4.475861	3.666133	26.164391
6379	8916.442655	89.734119	4.514354	3.670205	24.593539
6381	8918.510372	89.454882	4.468930	3.669491	25.913823
6383	8920.577358	90.880246	4.936418	3.675852	25.188712
6385	8922.643640	89.583806	4.622629	3.672451	24.766720
6387	8924.710007	89.517489	4.728684	3.674793	24.378685
6389	8926.776876	89.504878	4.723153	3.674095	24.969840
6391	8928.844356	89.232716	4.683488	3.675336	25.785023
6393	8930.912991	88.806446	4.686511	3.678170	24.619887
6395	8932.981509	88.860915	4.756506	3.674962	24.621965
6397	8935.050653	88.701593	4.791748	3.677147	25.162240
6399	8937.120129	88.755530	4.886270	3.676199	24.750283
6401	8939.188900	88.657532	4.867924	3.676243	24.256417
6403	8941.257398	88.392035	4.914591	3.677166	24.709605
6405	8943.325827	88.346963	4.935105	3.677553	24.450831
6407	8945.393973	88.072422	4.989574	3.678861	24.436872
6409	8947.462081	90.093842	3.437073	3.702961	24.329567
6411	8949.529834	87.880637	5.117050	3.679315	24.698810
6413	8951.598188	87.451501	5.156705	3.679802	24.512913
6415	8953.667225	87.266751	5.201257	3.682023	24.516300
6417	8955.736800	87.226039	5.230103	3.686604	24.530562
6419	8957.807436	87.191234	5.275425	3.688351	24.128319
6421	8959.878668	87.085008	5.340183	3.689676	24.109369
6423	8961.949418	89.248808	3.884115	3.708380	24.716401
6425	8964.019179	88.768540	3.897401	3.706947	24.361277
6427	8966.088502	86.968918	5.432990	3.693527	23.783526
6429	8968.156805	87.021260	5.509098	3.692209	23.945257
6431	8970.224460	86.771649	5.495887	3.695314	23.780957
6433	8972.291354	86.662304	5.575515	3.696948	23.732042
6435	8974.357532	86.962198	5.634708	3.695511	23.928395
6437	8976.423544	86.495265	5.650444	3.700004	23.090650
6439	8978.490194	86.499896	5.724281	3.701465	24.078163
6441	8980.557609	86.303120	5.677826	3.700962	23.286695
6443	8982.625377	86.214389	5.697312	3.701091	23.430302
6445	8984.693993	85.850774	5.803085	3.700162	23.795954
6447	8986.762980	85.752825	5.801826	3.702089	23.836855
6449	8988.831952	85.797542	5.886371	3.702169	23.669554
6451	8990.900567	85.672048	5.901505	3.702807	23.335035
6453	8992.969036	85.607264	6.006662	3.700718	22.840247
6455	8995.037403	85.297937	5.960711	3.704692	22.350408
6457	8997.105421	85.013013	5.996547	3.706968	23.385353
6459	8999.173172	84.816133	6.048258	3.708013	23.105912
6461	9001.241724	84.601094	6.111001	3.710245	22.528242
6463	9003.310525	84.514956	6.182435	3.711693	22.955745
6465	9005.380343	84.293197	6.260776	3.716334	22.186659
6467	9007.450780	84.467438	6.268416	3.716847	22.719236
6469	9009.521331	84.158555	6.340853	3.716880	22.637606
6471	9011.591792	84.142045	6.351597	3.721614	23.181207
6473	9013.661752	86.402081	5.181760	3.736992	22.220365
6475	9015.731109	84.036360	6.485639	3.722093	22.397672
6477	9017.799155	84.057674	6.468858	3.721036	22.217657
6479	9019.867067	85.787051	7.253212	3.729993	21.917055
6481	9021.933773	85.726818	5.200154	3.741995	22.191567
6483	9024.000657	83.803411	6.619431	3.727687	21.949366
6485	9026.066581	83.757000	6.682041	3.727444	21.510034
6487	9028.132988	83.682293	6.649622	3.729237	21.708687
6489	9030.199788	83.304590	6.707712	3.732776	21.391108
6491	9032.267771	83.271909	6.761612	3.730729	21.912765
6493	9034.335993	83.094870	6.776153	3.732150	21.263823
6495	9036.404880	82.926535	6.790453	3.733130	21.709062
6497	9038.473461	83.020729	6.906365	3.731025	21.614055
6499	9040.542402	82.990881	6.898721	3.730429	21.857422
6501	9042.610382	82.712664	6.901231	3.733511	21.453188
6503	9044.678838	82.525975	6.996428	3.734832	21.751901
6505	9046.746992	82.482168	7.032110	3.734867	21.743621
6507	9048.815201	82.209262	7.075129	3.737262	21.697365
6509	9050.883535	81.994106	7.117628	3.740342	21.221669
6511	9052.952907	81.988476	7.202078	3.741995	20.864572
6513	9055.022642	81.866796	7.252577	3.745039	20.676370
6515	9057.093169	81.731610	7.294642	3.746883	21.197394
6517	9059.163593	81.703907	7.314566	3.748804	21.140067
6519	9061.234235	81.560060	7.376233	3.752313	21.061660
6521	9063.303962	81.555561	7.447044	3.752868	21.275129
6523	9065.373065	81.603925	7.461877	3.750915	20.973263
6525	9067.441348	81.435898	7.489625	3.752558	21.412292
6527	9069.508627	81.479607	7.531445	3.753622	21.174971
6529	9071.575265	81.392658	7.603885	3.754733	20.869108
6531	9073.641513	81.119919	7.652536	3.760555	20.889791
6533	9075.707520	81.131957	7.650530	3.760395	20.625046
6535	9077.773846	81.018997	7.701691	3.762361	21.083983
6537	9079.841021	80.870492	7.720402	3.762547	20.121793
6539	9081.908762	80.743810	7.777714	3.762854	20.838824
6541	9083.977240	80.462081	7.781924	3.763560	20.674651
6543	9086.045735	80.424565	7.815381	3.763561	20.715673
6545	9088.114543	80.253626	7.850108	3.766983	19.944083
6547	9090.182836	80.219535	7.925561	3.764957	20.296525
6549	9092.251109	80.057156	7.960875	3.767656	20.796794
6551	9094.319297	79.790378	8.011719	3.770031	20.090900
6553	9096.387113	79.603382	8.063296	3.771533	19.974582
6555	9098.455962	79.606016	8.097902	3.772534	20.296783
6557	9100.524669	79.454842	8.176609	3.774250	20.450424
6559	9102.594420	79.402798	8.205953	3.779127	19.805642
6561	9104.664999	79.265919	8.296435	3.782576	19.938078
6563	9106.735290	79.201824	8.349721	3.783806	19.915212
6565	9108.806230	79.246788	8.381936	3.783696	19.181580
6567	9110.876363	79.008519	8.403371	3.787234	19.680527
6569	9112.945412	78.827241	8.477938	3.789456	19.590483
6571	9115.013696	79.010078	8.485069	3.787390	19.608416
6573	9117.081532	78.810695	8.514014	3.792929	19.813834
6575	9119.148361	78.798112	8.545744	3.791304	19.767163
6577	9121.214763	78.894291	8.629659	3.793414	19.692932
6579	9123.280936	78.758517	8.611623	3.793214	19.517749
6581	9125.346954	78.539213	8.699243	3.797679	19.500225
6583	9127.413803	78.467580	8.726292	3.797164	19.229021
6585	9129.480952	78.276196	8.687800	3.799198	18.861417
6587	9131.548975	78.043789	8.764817	3.801333	19.044267
6589	9133.617441	78.015640	8.810745	3.800055	19.364657
6591	9135.686341	77.918407	8.859605	3.800753	19.007022
6593	9137.754477	77.768548	8.875323	3.802565	19.220504
6595	9139.822533	77.744425	8.925192	3.802002	19.225919
6597	9141.890522	77.516015	8.984620	3.805691	18.796160
6599	9143.959195	77.348848	9.040610	3.806471	19.368042
6601	9146.027493	77.305168	9.084261	3.808737	18.728329
6603	9148.097009	76.807194	9.203716	3.817276	19.285821
6605	9150.166351	77.114286	9.223383	3.814949	19.332836
6607	9152.236609	77.041564	9.262434	3.818628	18.886853
6609	9154.307032	76.891442	9.320038	3.822306	18.449897
6611	9156.377393	76.763732	9.403837	3.821093	18.752599
6613	9158.447407	76.707424	9.389770	3.823014	18.447786
6615	9160.516437	76.685645	9.438595	3.825463	18.631986
6617	9162.585079	76.640738	9.478758	3.825629	18.934669
6619	9164.653120	76.501769	9.506424	3.827865	19.039349
6621	9166.720014	76.443647	9.546828	3.833529	18.650550
6623	9168.786834	76.454332	9.598527	3.833254	18.306517
6625	9170.852408	76.335552	9.663437	3.833450	18.231093
6627	9172.918647	76.194182	9.670165	3.835066	18.345705
6629	9174.985312	76.127040	9.712075	3.835777	18.142055
6631	9177.052188	75.786566	9.760338	3.837662	18.021463
6633	9179.120045	75.860774	9.745368	3.836123	18.159585
6635	9181.188422	75.920714	9.861894	3.835979	18.001507
6637	9183.256705	75.569986	9.790284	3.839193	17.710580
6639	9185.324982	75.343970	9.865239	3.840990	18.362011
6641	9187.393384	75.282723	9.880134	3.842468	17.734970
6643	9189.461396	75.276852	9.961969	3.844202	17.305264
6645	9191.529573	74.962295	10.054302	3.843426	17.396777
6647	9193.598641	74.937571	10.051705	3.850030	17.236292
6649	9195.667824	74.817598	10.109832	3.853184	17.479548
6651	9197.737088	74.773550	10.159102	3.856837	17.420494
6653	9199.807731	74.723778	10.253427	3.859556	17.439475
6655	9201.877883	74.831633	10.269782	3.857920	17.509124
6657	9203.948491	74.616727	10.291826	3.861756	17.819441
6659	9206.018691	74.527219	10.324069	3.864780	17.382631
6661	9208.087425	74.594093	10.388875	3.866166	17.763508
6663	9210.155904	74.469015	10.343362	3.873619	17.139017
6665	9212.223917	74.371292	10.402931	3.874383	16.793176
6667	9214.290692	74.392611	10.490502	3.870769	17.729086
6669	9216.357363	74.270495	10.523723	3.873130	16.744944
6671	9218.423569	73.991351	10.582567	3.874064	16.740985
6673	9220.489342	74.051793	10.584603	3.874884	17.249432
6675	9222.556523	73.668834	10.622176	3.879880	17.714117
6677	9224.623188	73.655075	10.609741	3.878199	17.080475
6679	9226.690856	73.513740	10.649317	3.879655	16.892820
6681	9228.758814	73.510488	10.696492	3.881920	17.158895
6683	9230.826928	73.312936	10.707533	3.881253	16.908446
6685	9232.895651	73.224932	10.775446	3.883510	16.499548
6687	9234.963543	73.064742	10.819744	3.885620	17.283432
6689	9237.032126	72.903512	10.826723	3.889734	16.557815
6691	9239.100772	72.928869	10.885743	3.888659	17.161178
6693	9241.169524	72.668345	10.974583	3.894324	16.104224
6695	9243.238952	72.676087	10.999785	3.895988	16.709214
6697	9245.308941	72.524457	11.084619	3.899581	16.444430
6699	9247.379007	72.546124	11.096415	3.901602	16.841743
6701	9249.449614	72.475050	11.168744	3.904398	16.808913
6703	9251.519573	72.457943	11.198366	3.903804	16.659632
6705	9253.589271	72.410032	11.186046	3.905571	16.711799
6707	9255.657419	72.316238	11.238336	3.910066	16.245460
6709	9257.725879	72.121262	11.244604	3.911663	16.108387
6711	9259.793583	72.247976	11.316393	3.913519	16.535918
6713	9261.860748	72.224966	11.351925	3.915786	16.452782
6715	9263.926944	72.096206	11.369538	3.916594	15.661780
6717	9265.992978	71.926273	11.415009	3.918863	16.167197
6719	9268.059802	71.780706	11.467248	3.918906	16.440130
6721	9270.126065	71.684118	11.427591	3.920142	15.681793
6723	9272.193478	71.525610	11.465003	3.921216	15.758296
6725	9274.260973	71.355253	11.479482	3.922400	15.982603
6727	9276.328871	71.206737	11.514098	3.925898	16.028686
6729	9278.397093	70.917655	11.537410	3.925166	16.107173
6731	9280.465428	70.918609	11.627437	3.926256	15.835423
6733	9282.533718	71.021171	11.566535	3.929583	16.054921
6735	9284.602069	70.936076	11.674388	3.930847	15.924922
6737	9286.670987	71.012453	11.767680	3.933880	15.870673
6739	9288.740065	70.707354	11.771603	3.936880	15.835338
6741	9290.809676	70.494774	11.860839	3.940810	15.193088
6743	9292.879604	70.598220	11.857170	3.941605	15.334288
6745	9294.950007	70.326438	11.920631	3.949370	15.322756
6747	9297.020373	70.436705	11.926868	3.946341	15.202380
6749	9299.090345	70.391594	11.925634	3.949685	14.935001
6751	9301.159478	70.363905	11.949446	3.953423	15.182876
6753	9303.228225	70.296920	12.012426	3.953002	15.617431
6755	9305.296256	70.204684	12.010739	3.955212	15.524042
6757	9307.363319	70.200608	12.080048	3.958426	15.107079
6759	9309.430383	70.139925	12.075374	3.960078	14.880189
6761	9311.496350	70.064270	12.129721	3.961930	15.143232
6763	9313.562467	69.814468	12.156850	3.963114	14.981353
6765	9315.628910	69.690249	12.151751	3.964547	14.693923
6767	9317.695573	69.736724	12.148545	3.966520	14.797631
6769	9319.762712	69.439886	12.193709	3.967310	15.112584
6771	9321.830440	69.390255	12.208778	3.968559	15.192649
6773	9323.898299	69.274844	12.246497	3.969763	14.829206
6775	9325.966848	68.790285	12.317545	3.973656	15.076665
6777	9328.034696	68.920001	12.305367	3.974859	15.027111
6779	9330.103743	68.904261	12.348293	3.978383	15.020308
6781	9332.172003	68.764440	12.397232	3.980596	14.932560
6783	9334.241254	68.825245	12.465485	3.982315	14.844671
6785	9336.310373	68.704553	12.476794	3.983957	14.754377
6787	9338.380850	68.649572	12.508306	3.986782	14.388350
6789	9340.450227	68.472180	12.536101	3.994068	14.040535
6791	9342.520724	68.636286	12.577158	3.996736	14.505124
6793	9344.591149	68.432924	12.623267	3.995370	14.433314
6795	9346.660732	68.447105	12.646388	3.996897	14.104987
6797	9348.729238	68.467956	12.747782	3.998731	14.326857
6799	9350.798340	68.262231	12.696673	4.000488	14.703463
6801	9352.866091	68.377317	12.717604	4.003516	13.929063
6803	9354.932681	68.240926	12.739062	4.005993	14.325742
6805	9356.999232	68.048807	12.777536	4.009159	14.067715
6807	9359.065082	67.969936	12.830941	4.009437	13.793622
6809	9361.131597	67.892498	12.813884	4.010248	14.082035
6811	9363.197718	67.779944	12.829676	4.013437	14.374673
6813	9365.264518	67.419414	12.877948	4.014796	13.786139
6815	9367.332191	67.452803	12.868429	4.015173	14.161572
6817	9369.400054	67.519831	12.888411	4.015966	14.648622
6819	9371.467900	67.214880	12.925830	4.019020	14.833145
6821	9373.535903	67.055026	12.937754	4.020798	14.053389
6823	9375.604332	67.181454	13.015773	4.025223	14.079745
6825	9377.672832	66.991581	13.026604	4.026661	13.713261
6827	9379.742032	66.743529	13.087405	4.035648	13.876868
6829	9381.810569	66.848929	13.092723	4.032541	13.609884
6831	9383.880917	66.783736	13.178957	4.035275	13.455521
6833	9385.950988	66.694194	13.199589	4.037730	13.566488
6835	9388.021590	66.562641	13.219018	4.040003	14.052464
6837	9390.091454	66.641124	13.259524	4.042386	13.428669
6839	9392.161590	66.558449	13.274428	4.043930	13.618786
6841	9394.230901	66.347397	13.268424	4.045370	12.691941
6843	9396.299661	66.509508	13.312942	4.053508	13.446192
6845	9398.367090	66.386947	13.299362	4.051401	13.412550
6847	9400.434894	66.281577	13.347007	4.052343	13.646254
6849	9402.501416	66.244032	13.321972	4.054745	13.661988
6851	9404.567965	66.223656	13.386616	4.057262	12.901500
6853	9406.634135	66.088874	13.358147	4.060569	12.996639
6855	9408.700646	65.732550	13.399652	4.063756	13.445855
6857	9410.767031	65.739382	13.390926	4.062277	13.253278
6859	9412.834596	65.596965	13.396260	4.064681	13.182008
6861	9414.901645	65.705937	13.423245	4.066429	13.169722
6863	9416.969740	65.372845	13.442644	4.067870	12.789556
6865	9419.037500	65.487696	13.464043	4.069746	13.098896
6867	9421.105509	65.103822	13.475956	4.075679	12.982995
6869	9423.174389	65.162234	13.522567	4.076296	13.266281
6871	9425.242870	65.126637	13.553736	4.078284	13.537106
6873	9427.312037	65.109922	13.591572	4.081910	12.390468
6875	9429.381385	64.771709	13.638104	4.085693	12.758925
6877	9431.451360	65.012544	13.615473	4.085777	12.745306
6879	9433.521743	64.976107	13.675356	4.088835	12.593168
6881	9435.592149	64.673165	13.694638	4.095842	12.656736
6883	9437.662301	64.678242	13.726409	4.094651	12.185940
6885	9439.731585	64.661461	13.720518	4.098364	12.663808
6887	9441.800976	64.499607	13.762128	4.097199	12.370755
6889	9443.868751	64.618741	13.771001	4.101359	12.432411
6891	9445.936942	64.371791	13.787050	4.104569	12.411197
6893	9448.003950	64.308461	13.835063	4.110185	13.301965
6895	9450.070414	64.311317	13.873884	4.106615	12.150378
6897	9452.137275	64.371146	13.836247	4.110423	12.191359
6899	9454.203349	63.975145	13.888803	4.113196	12.187154
6901	9456.269578	64.054804	13.829440	4.114283	12.147108
6903	9458.336452	63.960917	13.850941	4.117225	12.437406
6905	9460.403818	63.782585	13.893229	4.118542	12.230222
6907	9462.470824	63.744367	13.920267	4.120048	12.288877
6909	9464.538860	63.604643	13.850023	4.121819	12.016586
6911	9466.606983	63.600878	13.925025	4.124462	12.005642
6913	9468.675463	63.487224	13.909638	4.125492	11.874928
6915	9470.743699	63.202497	13.949231	4.128861	12.154429
6917	9472.812831	63.285933	13.979270	4.132265	11.760900
6919	9474.882742	63.231435	14.011615	4.136419	12.018014
6921	9476.952188	63.282004	14.046758	4.139562	11.354563
6923	9479.022347	63.066312	14.059032	4.140346	11.757862
6925	9481.092878	62.994129	14.095725	4.141643	11.570141
6927	9483.162354	62.877635	14.067270	4.142886	11.604340
6929	9485.232747	62.941166	14.068511	4.149305	11.920791
6931	9487.301777	62.956681	14.107776	4.155005	11.795036
6933	9489.370744	62.875719	14.122379	4.153325	11.655519
6935	9491.438811	62.864465	14.054904	4.154707	11.561441
6937	9493.506171	62.826026	14.107494	4.158817	11.733891
6939	9495.572996	62.648576	14.118116	4.160178	11.515807
6941	9497.639505	62.557227	14.152910	4.162076	11.620182
6943	9499.705559	62.388663	14.143735	4.168971	11.402441
6945	9501.772500	62.477945	14.136473	4.167086	11.371728
6947	9503.838521	62.371665	14.132113	4.168022	11.761422
6949	9505.905042	62.106910	14.138461	4.170753	11.227744
6951	9507.972658	62.015602	14.131558	4.171573	11.753882
6953	9510.040403	61.972124	14.110581	4.173962	11.567865
6955	9512.108247	61.888204	14.123938	4.175733	11.346652
6957	9514.176762	61.903552	14.142852	4.177428	11.545408
6959	9516.245275	61.852176	14.128127	4.180567	11.125208
6961	9518.314939	61.746671	14.175695	4.184193	11.541359
6963	9520.383367	61.626751	14.157734	4.188484	11.375340
6965	9522.453485	61.403123	14.192251	4.191263	11.324654
6967	9524.523357	61.355285	14.204956	4.193566	11.452250
6969	9526.593145	61.468622	14.191881	4.194231	11.139539
6971	9528.663844	61.445042	14.228824	4.198276	10.820541
6973	9530.733755	61.410385	14.250463	4.200717	11.134241
6975	9532.803067	61.067450	14.262003	4.199455	11.071924
6977	9534.872267	61.252471	14.197826	4.204024	11.035698
6979	9536.940937	61.097673	14.233187	4.207788	10.807594
6981	9539.008214	61.153131	14.208964	4.208536	11.175048
6983	9541.075529	61.080554	14.237894	4.210893	10.832898
6985	9543.142434	61.014455	14.208843	4.213290	10.747929
6987	9545.208913	61.006550	14.231694	4.216681	11.052647
6989	9547.275291	60.938781	14.209714	4.218874	10.670319
6991	9549.340746	60.725382	14.223190	4.220537	11.482987
6993	9551.407933	60.556858	14.226272	4.222750	11.088360
6995	9553.475063	60.627066	14.199372	4.226689	10.672859
6997	9555.542584	60.454582	14.260403	4.227619	10.968502
6999	9557.610139	60.245288	14.250654	4.228830	11.023333
7001	9559.678215	60.179409	14.218101	4.229988	10.890109
7003	9561.746358	59.912023	14.252936	4.235766	10.979256
7005	9563.815763	60.076688	14.257575	4.237170	10.553174
7007	9565.884512	59.998546	14.219903	4.238291	10.782761
7009	9567.953948	59.865941	14.252693	4.241797	10.501807
7011	9570.023789	59.994515	14.263234	4.246323	10.546861
7013	9572.094124	59.766183	14.326228	4.248011	10.712576
7015	9574.164317	59.670960	14.260925	4.249680	10.390263
7017	9576.234194	59.735978	14.281213	4.252907	10.666113
7019	9578.304513	59.697585	14.291243	4.254437	10.681132
7021	9580.373361	59.428036	14.257746	4.256429	10.626891
7023	9582.442042	59.594378	14.241423	4.259658	10.520169
7025	9584.509991	59.421752	14.253843	4.260720	10.291080
7027	9586.576738	59.511687	14.247807	4.264751	10.250209
7029	9588.644229	59.331723	14.272664	4.265565	11.044141
7031	9590.711235	59.273086	14.236747	4.269498	10.051723
7033	9592.777371	59.167524	14.236967	4.271030	10.249792
7035	9594.843769	59.122894	14.215497	4.272507	10.492419
7037	9596.910206	58.914532	14.229173	4.276036	10.630489
7039	9598.977269	58.867090	14.200990	4.277446	10.274676
7041	9601.043807	58.856804	14.176338	4.280019	10.095283
7043	9603.111236	58.712669	14.196600	4.283537	10.218341
7045	9605.179628	58.531335	14.192112	4.283322	10.222436
7047	9607.247921	58.614450	14.151013	4.286855	9.925011
7049	9609.316234	58.515576	14.188890	4.292907	10.407532
7051	9611.385093	58.387250	14.191377	4.293504	9.902841
7053	9613.454384	58.331927	14.172568	4.293336	10.225591
7055	9615.523696	58.161464	14.204803	4.295814	10.118719
7057	9617.594415	58.167751	14.175719	4.299104	9.857919
7059	9619.663429	58.125615	14.198933	4.301195	9.958450
7061	9621.734350	58.206855	14.178107	4.304562	9.897329
7063	9623.804428	58.108115	14.142352	4.307096	10.033032
7065	9625.874351	57.960810	14.153911	4.309461	9.962885
7067	9627.942649	57.786961	14.148622	4.311076	10.211427
7069	9630.011374	57.927514	14.148895	4.313845	9.700953
7071	9632.078814	57.761527	14.142738	4.314940	9.840034
7073	9634.146533	57.888057	14.169130	4.318105	9.747341
7075	9636.213186	57.782735	14.093571	4.321577	9.776736
7077	9638.279106	57.737540	14.119207	4.324450	9.623065
7079	9640.345437	57.494609	14.087984	4.326082	9.827189
7081	9642.412459	57.640348	14.101031	4.328570	9.737581
7083	9644.479202	57.394143	14.050966	4.330114	9.584688
7085	9646.545578	57.225243	14.057614	4.331404	9.808577
7087	9648.613685	57.036573	14.030337	4.334154	10.022775
7089	9650.680794	57.148871	14.020229	4.335312	9.668047
7091	9652.749597	56.981799	14.004036	4.336890	9.943697
7093	9654.817224	56.878414	13.990041	4.338701	9.765574
7095	9656.886203	56.812474	14.033590	4.343576	9.634099
7097	9658.955467	56.821855	13.995010	4.344157	9.415233
7099	9661.024780	56.687958	13.955342	4.346084	9.686815
7101	9663.094875	56.439153	13.978856	4.347903	9.285729
7103	9665.165038	56.677520	13.961095	4.352411	9.265369
7105	9667.235697	56.585057	13.922169	4.354194	9.636134
7107	9669.304362	56.633072	13.974507	4.357875	9.689001
7109	9671.374657	56.544524	13.956659	4.359394	9.287944
7111	9673.444145	56.388765	13.895804	4.359207	9.666999
7113	9675.511669	56.376602	13.899142	4.364717	9.382519
7115	9677.580344	56.482578	13.864216	4.366000	9.469774
7117	9679.648049	56.308217	13.868055	4.369742	9.451709
7119	9681.714868	56.306170	13.857221	4.370124	9.308836
7121	9683.781802	56.186788	13.804691	4.372477	9.393474
7123	9685.847724	56.116604	13.815187	4.374869	9.278262
7125	9687.914253	56.090448	13.829048	4.376171	9.246483
7127	9689.982129	55.935926	13.758801	4.380135	9.384138
7129	9692.047803	55.780257	13.736819	4.382643	9.051393
7131	9694.115125	55.712132	13.716523	4.384265	9.458203
7133	9696.182098	55.677701	13.681102	4.385842	9.131882
7135	9698.250333	55.536648	13.698465	4.388096	9.153251
7137	9700.318884	55.502364	13.686535	4.392137	9.723553
7139	9702.387286	55.387993	13.671477	4.391899	8.912609
7141	9704.455521	55.307366	13.644343	4.394361	9.710331
7143	9706.524714	55.249502	13.659803	4.398930	9.179230
7145	9708.594615	55.282350	13.612602	4.397988	9.129811
7147	9710.665088	55.154349	13.619589	4.401019	9.223374
7149	9712.735132	55.158163	13.596064	4.403570	9.016150
7151	9714.804704	55.037518	13.609667	4.407689	9.233416
7153	9716.874609	55.056328	13.549891	4.407823	9.055162
7155	9718.944112	54.991329	13.586034	4.411621	9.242220
7157	9721.012302	54.906618	13.529134	4.410395	8.859997
7159	9723.081240	54.928506	13.508304	4.414558	8.961311
7161	9725.148683	54.815172	13.491607	4.415732	9.186288
7163	9727.216262	54.746077	13.489289	4.417265	9.026020
7165	9729.283691	54.817779	13.461833	4.420658	9.051931
7167	9731.349728	54.585405	13.429395	4.426327	8.886604
7169	9733.416464	54.597928	13.385799	4.425206	9.068686
7171	9735.483059	54.531251	13.415494	4.431593	8.535964
7173	9737.549590	54.476769	13.346281	4.429632	8.850608
7175	9739.616134	54.325578	13.334195	4.431844	8.673292
7177	9741.683669	54.303808	13.333230	4.435104	8.675219
7179	9743.751157	54.235875	13.292647	4.435565	8.629793
7181	9745.819097	54.057786	13.291965	4.438181	9.196657
7183	9747.887575	54.026562	13.248600	4.441306	8.732215
7185	9749.956238	53.984482	13.233974	4.443467	8.859563
7187	9752.025302	53.946515	13.265989	4.446121	8.873177
7189	9754.095052	53.961961	13.244106	4.447878	8.976483
7191	9756.164841	53.701476	13.219125	4.453649	8.519951
