crossing time (s)	slope (V/s)	crossing number
281474976710655.000000	44.197788	5984	0.000000
281474976710655.000000	50.110405	5985	0.000000
281474976710655.000000	42.771755	5986	0.000000
281474976710655.000000	35.003502	5987	0.000000
281474976710655.000000	49.734478	5988	0.000000
281474976710655.000000	42.322433	5989	0.000000
281474976710655.000000	36.417820	5990	0.000000
281474976710655.000000	45.405888	5991	0.000000
281474976710655.000000	42.068371	5992	0.000000
281474976710655.000000	49.773838	5993	0.000000
281474976710655.000000	45.086910	5994	0.000000
281474976710655.000000	42.245792	5995	0.000000
281474976710655.000000	41.891190	5996	0.000000
281474976710655.000000	38.395870	5997	0.000000
281474976710655.000000	44.086697	5998	0.000000
281474976710655.000000	49.461357	5999	0.000000
281474976710655.000000	43.765430	6000	0.000000
281474976710655.000000	43.684788	6001	0.000000
281474976710655.000000	53.290550	6002	0.000000
281474976710655.000000	43.233505	6003	0.000000
281474976710655.000000	41.529701	6004	0.000000
281474976710655.000000	37.617146	6005	0.000000
281474976710655.000000	54.549164	6006	0.000000
281474976710655.000000	47.139072	6007	0.000000
281474976710655.000000	44.774513	6008	0.000000
281474976710655.000000	35.414906	6009	0.000000
281474976710655.000000	44.082539	6010	0.000000
281474976710655.000000	42.858223	6011	0.000000
281474976710655.000000	43.658321	6012	0.000000
281474976710655.000000	42.356873	6013	0.000000
281474976710655.000000	35.139706	6014	0.000000
281474976710655.000000	42.436523	6015	0.000000
281474976710655.000000	47.455864	6016	0.000000
281474976710655.000000	35.128994	6017	0.000000
281474976710655.000000	47.503181	6018	0.000000
281474976710655.000000	42.231709	6019	0.000000
281474976710655.000000	35.111027	6020	0.000000
281474976710655.000000	41.955338	6021	0.000000
281474976710655.000000	52.308468	6022	0.000000
281474976710655.000000	41.695671	6023	0.000000
281474976710655.000000	52.036995	6024	0.000000
281474976710655.000000	41.786987	6025	0.000000
281474976710655.000000	42.949429	6026	0.000000
281474976710655.000000	39.873177	6027	0.000000
281474976710655.000000	42.082287	6028	0.000000
281474976710655.000000	42.607395	6029	0.000000
281474976710655.000000	41.949612	6030	0.000000
281474976710655.000000	42.450310	6031	0.000000
281474976710655.000000	39.519600	6032	0.000000
281474976710655.000000	34.725822	6033	0.000000
281474976710655.000000	51.705620	6034	0.000000
281474976710655.000000	41.196564	6035	0.000000
281474976710655.000000	41.307198	6036	0.000000
281474976710655.000000	45.809483	6037	0.000000
281474976710655.000000	34.157269	6038	0.000000
281474976710655.000000	42.992645	6039	0.000000
281474976710655.000000	34.585148	6040	0.000000
281474976710655.000000	41.329609	6041	0.000000
281474976710655.000000	41.093964	6042	0.000000
281474976710655.000000	35.694771	6043	0.000000
281474976710655.000000	34.005722	6044	0.000000
281474976710655.000000	38.521412	6045	0.000000
281474976710655.000000	34.200848	6046	0.000000
281474976710655.000000	38.415134	6047	0.000000
281474976710655.000000	50.819828	6048	0.000000
281474976710655.000000	35.137634	6049	0.000000
281474976710655.000000	39.789322	6050	0.000000
281474976710655.000000	45.000801	6051	0.000000
281474976710655.000000	38.329269	6052	0.000000
281474976710655.000000	38.087109	6053	0.000000
281474976710655.000000	33.589108	6054	0.000000
281474976710655.000000	44.525005	6055	0.000000
281474976710655.000000	39.551048	6056	0.000000
281474976710655.000000	47.028873	6057	0.000000
281474976710655.000000	49.679882	6058	0.000000
281474976710655.000000	39.998020	6059	0.000000
281474976710655.000000	49.685806	6060	0.000000
281474976710655.000000	42.435551	6061	0.000000
281474976710655.000000	49.072826	6062	0.000000
281474976710655.000000	52.722645	6063	0.000000
281474976710655.000000	33.071861	6064	0.000000
281474976710655.000000	49.247616	6065	0.000000
281474976710655.000000	43.931973	6066	0.000000
281474976710655.000000	37.528889	6067	0.000000
281474976710655.000000	48.992161	6068	0.000000
281474976710655.000000	40.783012	6069	0.000000
281474976710655.000000	40.538078	6070	0.000000
281474976710655.000000	39.043037	6071	0.000000
281474976710655.000000	39.615482	6072	0.000000
281474976710655.000000	34.105827	6073	0.000000
281474976710655.000000	39.459370	6074	0.000000
281474976710655.000000	34.043751	6075	0.000000
281474976710655.000000	36.860451	6076	0.000000
281474976710655.000000	36.860767	6077	0.000000
281474976710655.000000	36.625618	6078	0.000000
281474976710655.000000	32.599003	6079	0.000000
281474976710655.000000	32.410080	6080	0.000000
281474976710655.000000	38.380241	6081	0.000000
281474976710655.000000	42.448715	6082	0.000000
281474976710655.000000	42.909752	6083	0.000000
281474976710655.000000	38.462559	6084	0.000000
281474976710655.000000	41.068062	6085	0.000000
281474976710655.000000	42.480972	6086	0.000000
281474976710655.000000	38.529812	6087	0.000000
281474976710655.000000	38.247723	6088	0.000000
281474976710655.000000	39.882431	6089	0.000000
281474976710655.000000	33.571194	6090	0.000000
281474976710655.000000	32.272018	6091	0.000000
281474976710655.000000	37.933544	6092	0.000000
281474976710655.000000	37.781406	6093	0.000000
281474976710655.000000	33.202534	6094	0.000000
281474976710655.000000	33.720837	6095	0.000000
281474976710655.000000	35.904324	6096	0.000000
281474976710655.000000	37.707977	6097	0.000000
281474976710655.000000	39.273617	6098	0.000000
281474976710655.000000	47.048309	6099	0.000000
281474976710655.000000	38.157150	6100	0.000000
281474976710655.000000	36.859341	6101	0.000000
281474976710655.000000	31.801527	6102	0.000000
281474976710655.000000	46.545929	6103	0.000000
281474976710655.000000	37.276039	6104	0.000000
281474976710655.000000	38.453251	6105	0.000000
281474976710655.000000	34.023537	6106	0.000000
281474976710655.000000	36.998775	6107	0.000000
281474976710655.000000	31.273596	6108	0.000000
281474976710655.000000	35.626919	6109	0.000000
281474976710655.000000	37.207375	6110	0.000000
281474976710655.000000	37.282135	6111	0.000000
281474976710655.000000	35.020103	6112	0.000000
281474976710655.000000	45.974388	6113	0.000000
281474976710655.000000	38.917702	6114	0.000000
281474976710655.000000	36.904732	6115	0.000000
281474976710655.000000	43.188290	6116	0.000000
281474976710655.000000	40.101719	6117	0.000000
281474976710655.000000	38.048992	6118	0.000000
281474976710655.000000	36.676785	6119	0.000000
281474976710655.000000	41.085636	6120	0.000000
281474976710655.000000	36.744450	6121	0.000000
281474976710655.000000	35.098297	6122	0.000000
281474976710655.000000	30.640085	6123	0.000000
281474976710655.000000	36.192665	6124	0.000000
281474976710655.000000	37.515739	6125	0.000000
281474976710655.000000	32.150898	6126	0.000000
281474976710655.000000	39.647709	6127	0.000000
281474976710655.000000	39.768887	6128	0.000000
281474976710655.000000	31.874210	6129	0.000000
281474976710655.000000	39.500618	6130	0.000000
281474976710655.000000	33.665199	6131	0.000000
281474976710655.000000	37.087006	6132	0.000000
281474976710655.000000	39.409363	6133	0.000000
281474976710655.000000	39.753376	6134	0.000000
281474976710655.000000	33.766834	6135	0.000000
281474976710655.000000	32.268158	6136	0.000000
281474976710655.000000	37.234371	6137	0.000000
281474976710655.000000	35.877419	6138	0.000000
281474976710655.000000	31.553156	6139	0.000000
281474976710655.000000	41.789055	6140	0.000000
281474976710655.000000	44.101460	6141	0.000000
281474976710655.000000	33.965313	6142	0.000000
281474976710655.000000	32.058739	6143	0.000000
281474976710655.000000	35.702835	6144	0.000000
281474976710655.000000	35.901016	6145	0.000000
281474976710655.000000	33.670307	6146	0.000000
281474976710655.000000	33.266609	6147	0.000000
281474976710655.000000	39.894428	6148	0.000000
281474976710655.000000	34.733337	6149	0.000000
281474976710655.000000	32.621246	6150	0.000000
281474976710655.000000	32.287491	6151	0.000000
281474976710655.000000	34.902870	6152	0.000000
281474976710655.000000	36.725151	6153	0.000000
281474976710655.000000	34.875824	6154	0.000000
281474976710655.000000	32.618732	6155	0.000000
281474976710655.000000	31.239191	6156	0.000000
281474976710655.000000	36.600391	6157	0.000000
281474976710655.000000	30.333429	6158	0.000000
281474976710655.000000	29.342949	6159	0.000000
281474976710655.000000	34.360508	6160	0.000000
281474976710655.000000	32.533291	6161	0.000000
281474976710655.000000	34.702545	6162	0.000000
281474976710655.000000	35.915813	6163	0.000000
281474976710655.000000	36.680210	6164	0.000000
281474976710655.000000	30.936262	6165	0.000000
281474976710655.000000	34.501652	6166	0.000000
281474976710655.000000	32.577080	6167	0.000000
281474976710655.000000	33.942501	6168	0.000000
281474976710655.000000	34.031940	6169	0.000000
281474976710655.000000	29.826197	6170	0.000000
281474976710655.000000	35.611580	6171	0.000000
281474976710655.000000	33.999973	6172	0.000000
281474976710655.000000	37.234898	6173	0.000000
281474976710655.000000	37.226006	6174	0.000000
281474976710655.000000	34.096432	6175	0.000000
281474976710655.000000	32.201126	6176	0.000000
281474976710655.000000	28.447731	6177	0.000000
281474976710655.000000	31.859861	6178	0.000000
281474976710655.000000	31.949184	6179	0.000000
281474976710655.000000	34.291298	6180	0.000000
281474976710655.000000	33.707703	6181	0.000000
281474976710655.000000	29.527695	6182	0.000000
281474976710655.000000	33.485363	6183	0.000000
281474976710655.000000	33.313862	6184	0.000000
281474976710655.000000	32.149887	6185	0.000000
281474976710655.000000	36.462715	6186	0.000000
281474976710655.000000	38.200836	6187	0.000000
281474976710655.000000	31.750198	6188	0.000000
281474976710655.000000	33.674824	6189	0.000000
281474976710655.000000	35.190834	6190	0.000000
281474976710655.000000	31.987509	6191	0.000000
281474976710655.000000	32.337734	6192	0.000000
281474976710655.000000	29.336813	6193	0.000000
281474976710655.000000	34.654865	6194	0.000000
281474976710655.000000	33.230503	6195	0.000000
281474976710655.000000	28.582626	6196	0.000000
281474976710655.000000	32.978928	6197	0.000000
281474976710655.000000	35.954422	6198	0.000000
281474976710655.000000	31.187733	6199	0.000000
281474976710655.000000	34.175064	6200	0.000000
281474976710655.000000	32.050266	6201	0.000000
281474976710655.000000	30.489738	6202	0.000000
281474976710655.000000	30.217070	6203	0.000000
281474976710655.000000	33.854012	6204	0.000000
281474976710655.000000	28.501406	6205	0.000000
281474976710655.000000	35.361073	6206	0.000000
281474976710655.000000	31.860886	6207	0.000000
281474976710655.000000	30.802715	6208	0.000000
281474976710655.000000	29.825323	6209	0.000000
281474976710655.000000	33.693291	6210	0.000000
281474976710655.000000	35.041122	6211	0.000000
281474976710655.000000	30.549023	6212	0.000000
281474976710655.000000	30.615055	6213	0.000000
281474976710655.000000	33.454372	6214	0.000000
281474976710655.000000	31.278456	6215	0.000000
281474976710655.000000	33.580845	6216	0.000000
281474976710655.000000	33.474087	6217	0.000000
281474976710655.000000	31.630575	6218	0.000000
281474976710655.000000	33.480484	6219	0.000000
281474976710655.000000	32.454681	6220	0.000000
281474976710655.000000	36.100990	6221	0.000000
281474976710655.000000	29.669668	6222	0.000000
281474976710655.000000	26.579290	6223	0.000000
281474976710655.000000	28.925323	6224	0.000000
281474976710655.000000	29.847609	6225	0.000000
281474976710655.000000	27.691715	6226	0.000000
281474976710655.000000	33.269848	6227	0.000000
281474976710655.000000	32.259426	6228	0.000000
281474976710655.000000	31.533644	6229	0.000000
281474976710655.000000	31.430035	6230	0.000000
281474976710655.000000	27.823381	6231	0.000000
281474976710655.000000	29.852356	6232	0.000000
281474976710655.000000	30.778868	6233	0.000000
281474976710655.000000	31.140047	6234	0.000000
281474976710655.000000	31.852938	6235	0.000000
281474976710655.000000	30.830219	6236	0.000000
281474976710655.000000	29.711657	6237	0.000000
281474976710655.000000	29.048693	6238	0.000000
281474976710655.000000	28.137056	6239	0.000000
281474976710655.000000	31.348589	6240	0.000000
281474976710655.000000	32.532135	6241	0.000000
281474976710655.000000	28.109560	6242	0.000000
281474976710655.000000	32.105450	6243	0.000000
281474976710655.000000	30.495581	6244	0.000000
281474976710655.000000	28.721504	6245	0.000000
281474976710655.000000	32.309502	6246	0.000000
281474976710655.000000	30.791088	6247	0.000000
281474976710655.000000	31.341208	6248	0.000000
281474976710655.000000	29.964705	6249	0.000000
281474976710655.000000	29.016630	6250	0.000000
281474976710655.000000	30.737862	6251	0.000000
281474976710655.000000	28.618336	6252	0.000000
281474976710655.000000	31.849585	6253	0.000000
281474976710655.000000	28.926027	6254	0.000000
281474976710655.000000	31.618654	6255	0.000000
281474976710655.000000	27.496487	6256	0.000000
281474976710655.000000	33.398907	6257	0.000000
281474976710655.000000	30.535498	6258	0.000000
281474976710655.000000	29.842165	6259	0.000000
281474976710655.000000	32.522778	6260	0.000000
281474976710655.000000	28.805605	6261	0.000000
281474976710655.000000	30.830608	6262	0.000000
281474976710655.000000	29.453621	6263	0.000000
281474976710655.000000	30.085579	6264	0.000000
281474976710655.000000	26.583933	6265	0.000000
281474976710655.000000	26.166325	6266	0.000000
281474976710655.000000	28.988468	6267	0.000000
281474976710655.000000	30.083569	6268	0.000000
281474976710655.000000	29.138216	6269	0.000000
281474976710655.000000	31.020138	6270	0.000000
281474976710655.000000	28.554926	6271	0.000000
281474976710655.000000	27.716534	6272	0.000000
281474976710655.000000	29.564001	6273	0.000000
281474976710655.000000	29.481937	6274	0.000000
281474976710655.000000	29.038935	6275	0.000000
281474976710655.000000	27.653238	6276	0.000000
281474976710655.000000	29.700781	6277	0.000000
281474976710655.000000	29.219576	6278	0.000000
281474976710655.000000	29.021389	6279	0.000000
281474976710655.000000	32.023514	6280	0.000000
281474976710655.000000	29.703426	6281	0.000000
281474976710655.000000	27.464622	6282	0.000000
281474976710655.000000	28.899763	6283	0.000000
281474976710655.000000	30.104721	6284	0.000000
281474976710655.000000	28.741669	6285	0.000000
281474976710655.000000	25.910257	6286	0.000000
281474976710655.000000	29.759348	6287	0.000000
281474976710655.000000	28.260857	6288	0.000000
281474976710655.000000	27.270805	6289	0.000000
281474976710655.000000	28.862673	6290	0.000000
281474976710655.000000	30.199322	6291	0.000000
281474976710655.000000	26.712841	6292	0.000000
281474976710655.000000	27.842249	6293	0.000000
281474976710655.000000	28.185143	6294	0.000000
281474976710655.000000	26.796427	6295	0.000000
281474976710655.000000	27.377600	6296	0.000000
281474976710655.000000	29.225407	6297	0.000000
281474976710655.000000	28.365765	6298	0.000000
281474976710655.000000	29.589529	6299	0.000000
281474976710655.000000	29.728344	6300	0.000000
281474976710655.000000	29.823757	6301	0.000000
281474976710655.000000	27.489414	6302	0.000000
281474976710655.000000	28.321308	6303	0.000000
281474976710655.000000	26.380957	6304	0.000000
281474976710655.000000	32.418533	6305	0.000000
281474976710655.000000	28.647884	6306	0.000000
281474976710655.000000	28.536539	6307	0.000000
281474976710655.000000	31.241407	6308	0.000000
281474976710655.000000	28.001972	6309	0.000000
281474976710655.000000	28.130480	6310	0.000000
281474976710655.000000	26.366262	6311	0.000000
281474976710655.000000	27.381836	6312	0.000000
281474976710655.000000	28.272732	6313	0.000000
281474976710655.000000	27.337189	6314	0.000000
281474976710655.000000	28.309166	6315	0.000000
281474976710655.000000	26.712690	6316	0.000000
281474976710655.000000	26.254173	6317	0.000000
281474976710655.000000	28.905346	6318	0.000000
281474976710655.000000	27.932072	6319	0.000000
281474976710655.000000	27.699745	6320	0.000000
281474976710655.000000	25.685753	6321	0.000000
281474976710655.000000	25.697716	6322	0.000000
281474976710655.000000	25.958662	6323	0.000000
281474976710655.000000	28.558832	6324	0.000000
281474976710655.000000	28.359653	6325	0.000000
281474976710655.000000	27.314606	6326	0.000000
281474976710655.000000	27.318226	6327	0.000000
281474976710655.000000	27.425592	6328	0.000000
281474976710655.000000	25.554522	6329	0.000000
281474976710655.000000	25.330963	6330	0.000000
281474976710655.000000	26.750006	6331	0.000000
281474976710655.000000	28.499659	6332	0.000000
281474976710655.000000	27.182707	6333	0.000000
281474976710655.000000	25.599737	6334	0.000000
281474976710655.000000	28.005840	6335	0.000000
281474976710655.000000	27.258434	6336	0.000000
281474976710655.000000	27.058784	6337	0.000000
281474976710655.000000	27.756756	6338	0.000000
281474976710655.000000	26.552149	6339	0.000000
281474976710655.000000	26.748785	6340	0.000000
281474976710655.000000	28.177618	6341	0.000000
281474976710655.000000	27.264162	6342	0.000000
281474976710655.000000	28.284607	6343	0.000000
281474976710655.000000	26.252846	6344	0.000000
281474976710655.000000	26.914553	6345	0.000000
281474976710655.000000	25.446890	6346	0.000000
281474976710655.000000	25.453550	6347	0.000000
281474976710655.000000	26.180265	6348	0.000000
281474976710655.000000	27.145924	6349	0.000000
281474976710655.000000	26.253971	6350	0.000000
281474976710655.000000	25.385155	6351	0.000000
281474976710655.000000	25.679922	6352	0.000000
281474976710655.000000	26.555819	6353	0.000000
281474976710655.000000	26.784889	6354	0.000000
281474976710655.000000	28.113785	6355	0.000000
281474976710655.000000	28.284939	6356	0.000000
281474976710655.000000	26.331184	6357	0.000000
281474976710655.000000	25.362799	6358	0.000000
281474976710655.000000	25.513855	6359	0.000000
281474976710655.000000	27.601906	6360	0.000000
281474976710655.000000	26.212244	6361	0.000000
281474976710655.000000	26.229847	6362	0.000000
281474976710655.000000	25.812790	6363	0.000000
281474976710655.000000	24.726740	6364	0.000000
281474976710655.000000	27.982948	6365	0.000000
281474976710655.000000	26.450596	6366	0.000000
281474976710655.000000	25.367926	6367	0.000000
281474976710655.000000	26.241379	6368	0.000000
281474976710655.000000	25.097330	6369	0.000000
281474976710655.000000	25.567926	6370	0.000000
281474976710655.000000	25.687910	6371	0.000000
281474976710655.000000	24.504721	6372	0.000000
281474976710655.000000	27.756449	6373	0.000000
281474976710655.000000	23.926828	6374	0.000000
281474976710655.000000	28.372759	6375	0.000000
281474976710655.000000	26.038530	6376	0.000000
281474976710655.000000	26.105474	6377	0.000000
281474976710655.000000	27.575134	6378	0.000000
281474976710655.000000	24.503111	6379	0.000000
281474976710655.000000	24.688219	6380	0.000000
281474976710655.000000	23.119413	6381	0.000000
281474976710655.000000	25.305004	6382	0.000000
281474976710655.000000	23.765085	6383	0.000000
281474976710655.000000	25.257381	6384	0.000000
281474976710655.000000	25.463684	6385	0.000000
281474976710655.000000	25.517555	6386	0.000000
281474976710655.000000	25.316328	6387	0.000000
281474976710655.000000	26.051340	6388	0.000000
281474976710655.000000	25.790804	6389	0.000000
281474976710655.000000	25.815065	6390	0.000000
281474976710655.000000	25.379391	6391	0.000000
281474976710655.000000	25.672983	6392	0.000000
281474976710655.000000	26.640745	6393	0.000000
281474976710655.000000	25.683542	6394	0.000000
281474976710655.000000	27.656672	6395	0.000000
281474976710655.000000	23.645704	6396	0.000000
281474976710655.000000	24.870943	6397	0.000000
281474976710655.000000	26.047110	6398	0.000000
281474976710655.000000	25.719681	6399	0.000000
281474976710655.000000	24.372440	6400	0.000000
281474976710655.000000	24.246443	6401	0.000000
281474976710655.000000	24.657352	6402	0.000000
281474976710655.000000	22.978611	6403	0.000000
281474976710655.000000	23.191128	6404	0.000000
281474976710655.000000	24.866659	6405	0.000000
281474976710655.000000	24.546309	6406	0.000000
281474976710655.000000	25.813990	6407	0.000000
281474976710655.000000	24.057936	6408	0.000000
281474976710655.000000	25.664343	6409	0.000000
281474976710655.000000	25.398493	6410	0.000000
281474976710655.000000	25.002028	6411	0.000000
281474976710655.000000	24.908243	6412	0.000000
281474976710655.000000	23.868614	6413	0.000000
281474976710655.000000	25.090775	6414	0.000000
281474976710655.000000	25.788961	6415	0.000000
281474976710655.000000	24.891821	6416	0.000000
281474976710655.000000	25.941729	6417	0.000000
281474976710655.000000	24.111897	6418	0.000000
281474976710655.000000	24.271648	6419	0.000000
281474976710655.000000	24.206972	6420	0.000000
281474976710655.000000	22.855928	6421	0.000000
281474976710655.000000	25.697218	6422	0.000000
281474976710655.000000	23.735674	6423	0.000000
281474976710655.000000	22.786564	6424	0.000000
281474976710655.000000	24.442505	6425	0.000000
281474976710655.000000	25.838633	6426	0.000000
281474976710655.000000	23.749725	6427	0.000000
281474976710655.000000	24.289143	6428	0.000000
281474976710655.000000	24.042307	6429	0.000000
281474976710655.000000	26.161781	6430	0.000000
281474976710655.000000	24.645006	6431	0.000000
281474976710655.000000	22.102089	6432	0.000000
281474976710655.000000	22.758873	6433	0.000000
281474976710655.000000	22.315802	6434	0.000000
281474976710655.000000	24.002941	6435	0.000000
281474976710655.000000	25.242754	6436	0.000000
281474976710655.000000	23.531921	6437	0.000000
281474976710655.000000	25.240574	6438	0.000000
281474976710655.000000	24.605162	6439	0.000000
281474976710655.000000	22.770271	6440	0.000000
281474976710655.000000	22.745409	6441	0.000000
281474976710655.000000	24.226770	6442	0.000000
281474976710655.000000	22.930618	6443	0.000000
281474976710655.000000	22.940409	6444	0.000000
281474976710655.000000	23.931145	6445	0.000000
281474976710655.000000	23.386221	6446	0.000000
281474976710655.000000	23.202358	6447	0.000000
281474976710655.000000	22.656647	6448	0.000000
281474976710655.000000	23.399828	6449	0.000000
281474976710655.000000	24.538200	6450	0.000000
281474976710655.000000	23.147802	6451	0.000000
281474976710655.000000	21.927706	6452	0.000000
281474976710655.000000	23.172836	6453	0.000000
281474976710655.000000	22.220745	6454	0.000000
281474976710655.000000	22.588646	6455	0.000000
281474976710655.000000	24.333073	6456	0.000000
281474976710655.000000	22.849005	6457	0.000000
281474976710655.000000	22.413525	6458	0.000000
281474976710655.000000	23.014677	6459	0.000000
281474976710655.000000	22.784529	6460	0.000000
281474976710655.000000	23.640932	6461	0.000000
281474976710655.000000	24.180765	6462	0.000000
281474976710655.000000	24.558285	6463	0.000000
281474976710655.000000	22.358940	6464	0.000000
281474976710655.000000	23.681181	6465	0.000000
281474976710655.000000	23.161779	6466	0.000000
281474976710655.000000	22.449236	6467	0.000000
281474976710655.000000	23.149490	6468	0.000000
281474976710655.000000	22.192877	6469	0.000000
281474976710655.000000	22.717955	6470	0.000000
281474976710655.000000	23.819489	6471	0.000000
281474976710655.000000	21.059906	6472	0.000000
281474976710655.000000	23.965439	6473	0.000000
281474976710655.000000	23.006729	6474	0.000000
281474976710655.000000	23.004021	6475	0.000000
281474976710655.000000	22.886198	6476	0.000000
281474976710655.000000	23.912054	6477	0.000000
281474976710655.000000	20.548927	6478	0.000000
281474976710655.000000	21.713341	6479	0.000000
281474976710655.000000	22.704458	6480	0.000000
281474976710655.000000	23.523737	6481	0.000000
281474976710655.000000	22.333679	6482	0.000000
281474976710655.000000	22.449718	6483	0.000000
281474976710655.000000	20.616186	6484	0.000000
281474976710655.000000	21.722368	6485	0.000000
281474976710655.000000	22.634762	6486	0.000000
281474976710655.000000	22.340677	6487	0.000000
281474976710655.000000	21.909193	6488	0.000000
281474976710655.000000	22.559216	6489	0.000000
281474976710655.000000	20.778421	6490	0.000000
281474976710655.000000	21.279478	6491	0.000000
281474976710655.000000	21.345320	6492	0.000000
281474976710655.000000	21.854589	6493	0.000000
281474976710655.000000	23.003305	6494	0.000000
281474976710655.000000	22.187056	6495	0.000000
281474976710655.000000	22.210817	6496	0.000000
281474976710655.000000	21.961149	6497	0.000000
281474976710655.000000	22.263460	6498	0.000000
281474976710655.000000	22.554316	6499	0.000000
281474976710655.000000	20.351822	6500	0.000000
281474976710655.000000	21.888838	6501	0.000000
281474976710655.000000	22.015871	6502	0.000000
281474976710655.000000	23.507244	6503	0.000000
281474976710655.000000	22.613556	6504	0.000000
281474976710655.000000	20.708900	6505	0.000000
281474976710655.000000	22.208755	6506	0.000000
281474976710655.000000	20.807325	6507	0.000000
281474976710655.000000	21.349373	6508	0.000000
281474976710655.000000	22.111805	6509	0.000000
281474976710655.000000	21.963140	6510	0.000000
281474976710655.000000	21.426565	6511	0.000000
281474976710655.000000	19.745661	6512	0.000000
281474976710655.000000	21.279427	6513	0.000000
281474976710655.000000	21.523447	6514	0.000000
281474976710655.000000	21.621841	6515	0.000000
281474976710655.000000	20.225985	6516	0.000000
281474976710655.000000	21.853626	6517	0.000000
281474976710655.000000	21.547571	6518	0.000000
281474976710655.000000	21.923822	6519	0.000000
281474976710655.000000	21.492167	6520	0.000000
281474976710655.000000	21.664835	6521	0.000000
281474976710655.000000	21.230993	6522	0.000000
281474976710655.000000	20.665964	6523	0.000000
281474976710655.000000	20.457094	6524	0.000000
281474976710655.000000	21.750084	6525	0.000000
281474976710655.000000	21.537533	6526	0.000000
281474976710655.000000	20.886473	6527	0.000000
281474976710655.000000	21.204245	6528	0.000000
281474976710655.000000	20.966440	6529	0.000000
281474976710655.000000	20.691952	6530	0.000000
281474976710655.000000	22.233908	6531	0.000000
281474976710655.000000	20.233191	6532	0.000000
281474976710655.000000	20.664223	6533	0.000000
281474976710655.000000	20.684090	6534	0.000000
281474976710655.000000	19.607193	6535	0.000000
281474976710655.000000	20.247234	6536	0.000000
281474976710655.000000	19.810604	6537	0.000000
281474976710655.000000	20.352842	6538	0.000000
281474976710655.000000	20.054270	6539	0.000000
281474976710655.000000	20.083525	6540	0.000000
281474976710655.000000	21.257935	6541	0.000000
281474976710655.000000	20.168663	6542	0.000000
281474976710655.000000	21.025354	6543	0.000000
281474976710655.000000	20.559624	6544	0.000000
281474976710655.000000	20.563204	6545	0.000000
281474976710655.000000	20.487186	6546	0.000000
281474976710655.000000	20.314541	6547	0.000000
281474976710655.000000	21.178398	6548	0.000000
281474976710655.000000	20.848093	6549	0.000000
281474976710655.000000	20.182037	6550	0.000000
281474976710655.000000	20.298449	6551	0.000000
281474976710655.000000	20.216505	6552	0.000000
281474976710655.000000	20.297239	6553	0.000000
281474976710655.000000	19.761436	6554	0.000000
281474976710655.000000	19.262953	6555	0.000000
281474976710655.000000	20.206507	6556	0.000000
281474976710655.000000	19.659803	6557	0.000000
281474976710655.000000	19.713772	6558	0.000000
281474976710655.000000	19.457836	6559	0.000000
281474976710655.000000	19.935820	6560	0.000000
281474976710655.000000	20.605232	6561	0.000000
281474976710655.000000	20.573036	6562	0.000000
281474976710655.000000	20.800112	6563	0.000000
281474976710655.000000	19.559933	6564	0.000000
281474976710655.000000	20.304222	6565	0.000000
281474976710655.000000	19.053295	6566	0.000000
281474976710655.000000	19.899658	6567	0.000000
281474976710655.000000	19.609400	6568	0.000000
281474976710655.000000	19.944937	6569	0.000000
281474976710655.000000	19.719212	6570	0.000000
281474976710655.000000	20.152992	6571	0.000000
281474976710655.000000	20.533834	6572	0.000000
281474976710655.000000	19.412344	6573	0.000000
281474976710655.000000	20.810791	6574	0.000000
281474976710655.000000	19.411415	6575	0.000000
281474976710655.000000	19.503939	6576	0.000000
281474976710655.000000	19.995386	6577	0.000000
281474976710655.000000	19.950720	6578	0.000000
281474976710655.000000	19.493153	6579	0.000000
281474976710655.000000	19.359543	6580	0.000000
281474976710655.000000	19.880873	6581	0.000000
281474976710655.000000	19.486967	6582	0.000000
281474976710655.000000	19.416878	6583	0.000000
281474976710655.000000	19.262402	6584	0.000000
281474976710655.000000	19.672632	6585	0.000000
281474976710655.000000	18.571526	6586	0.000000
281474976710655.000000	19.169975	6587	0.000000
281474976710655.000000	19.770657	6588	0.000000
281474976710655.000000	18.801870	6589	0.000000
281474976710655.000000	19.236750	6590	0.000000
281474976710655.000000	18.455334	6591	0.000000
281474976710655.000000	19.342026	6592	0.000000
281474976710655.000000	18.787928	6593	0.000000
281474976710655.000000	18.538509	6594	0.000000
281474976710655.000000	18.877230	6595	0.000000
281474976710655.000000	19.102175	6596	0.000000
281474976710655.000000	19.145758	6597	0.000000
281474976710655.000000	20.072079	6598	0.000000
281474976710655.000000	19.293577	6599	0.000000
281474976710655.000000	18.738905	6600	0.000000
281474976710655.000000	18.846193	6601	0.000000
281474976710655.000000	18.985691	6602	0.000000
281474976710655.000000	18.712770	6603	0.000000
281474976710655.000000	19.054581	6604	0.000000
281474976710655.000000	18.081087	6605	0.000000
281474976710655.000000	18.238001	6606	0.000000
281474976710655.000000	19.573553	6607	0.000000
281474976710655.000000	18.459246	6608	0.000000
281474976710655.000000	19.182795	6609	0.000000
281474976710655.000000	19.370007	6610	0.000000
281474976710655.000000	19.224497	6611	0.000000
281474976710655.000000	18.695690	6612	0.000000
281474976710655.000000	19.261684	6613	0.000000
281474976710655.000000	18.514776	6614	0.000000
281474976710655.000000	18.784037	6615	0.000000
281474976710655.000000	18.450676	6616	0.000000
281474976710655.000000	18.751078	6617	0.000000
281474976710655.000000	18.682922	6618	0.000000
281474976710655.000000	18.700199	6619	0.000000
281474976710655.000000	18.470196	6620	0.000000
281474976710655.000000	19.024736	6621	0.000000
281474976710655.000000	18.757257	6622	0.000000
281474976710655.000000	18.075239	6623	0.000000
281474976710655.000000	18.470545	6624	0.000000
281474976710655.000000	18.265150	6625	0.000000
281474976710655.000000	17.982761	6626	0.000000
281474976710655.000000	18.505949	6627	0.000000
281474976710655.000000	18.210424	6628	0.000000
281474976710655.000000	18.476513	6629	0.000000
281474976710655.000000	18.367939	6630	0.000000
281474976710655.000000	18.018051	6631	0.000000
281474976710655.000000	18.502247	6632	0.000000
281474976710655.000000	17.461748	6633	0.000000
281474976710655.000000	18.298244	6634	0.000000
281474976710655.000000	17.461012	6635	0.000000
281474976710655.000000	18.020832	6636	0.000000
281474976710655.000000	18.299389	6637	0.000000
281474976710655.000000	18.162632	6638	0.000000
281474976710655.000000	17.440952	6639	0.000000
281474976710655.000000	18.071442	6640	0.000000
281474976710655.000000	17.858994	6641	0.000000
281474976710655.000000	17.553673	6642	0.000000
281474976710655.000000	17.815582	6643	0.000000
281474976710655.000000	17.612181	6644	0.000000
281474976710655.000000	17.832575	6645	0.000000
281474976710655.000000	17.507629	6646	0.000000
281474976710655.000000	17.812313	6647	0.000000
281474976710655.000000	17.697012	6648	0.000000
281474976710655.000000	18.003984	6649	0.000000
281474976710655.000000	17.722395	6650	0.000000
281474976710655.000000	17.574911	6651	0.000000
281474976710655.000000	17.683798	6652	0.000000
281474976710655.000000	17.858749	6653	0.000000
281474976710655.000000	17.720879	6654	0.000000
281474976710655.000000	17.276960	6655	0.000000
281474976710655.000000	17.532232	6656	0.000000
281474976710655.000000	17.873556	6657	0.000000
281474976710655.000000	17.431339	6658	0.000000
281474976710655.000000	17.215588	6659	0.000000
281474976710655.000000	17.062260	6660	0.000000
281474976710655.000000	17.638948	6661	0.000000
281474976710655.000000	16.799809	6662	0.000000
281474976710655.000000	17.166462	6663	0.000000
281474976710655.000000	17.058083	6664	0.000000
281474976710655.000000	16.951420	6665	0.000000
281474976710655.000000	17.587635	6666	0.000000
281474976710655.000000	17.202316	6667	0.000000
281474976710655.000000	16.910162	6668	0.000000
281474976710655.000000	17.092884	6669	0.000000
281474976710655.000000	16.901333	6670	0.000000
281474976710655.000000	17.541838	6671	0.000000
281474976710655.000000	17.625500	6672	0.000000
281474976710655.000000	17.179823	6673	0.000000
281474976710655.000000	17.067678	6674	0.000000
281474976710655.000000	17.040232	6675	0.000000
281474976710655.000000	16.836224	6676	0.000000
281474976710655.000000	16.800049	6677	0.000000
281474976710655.000000	16.945915	6678	0.000000
281474976710655.000000	16.465597	6679	0.000000
281474976710655.000000	17.435747	6680	0.000000
281474976710655.000000	16.520172	6681	0.000000
281474976710655.000000	17.663767	6682	0.000000
281474976710655.000000	16.332220	6683	0.000000
281474976710655.000000	16.670973	6684	0.000000
281474976710655.000000	16.433247	6685	0.000000
281474976710655.000000	17.040451	6686	0.000000
281474976710655.000000	16.869051	6687	0.000000
281474976710655.000000	16.693628	6688	0.000000
281474976710655.000000	16.873058	6689	0.000000
281474976710655.000000	17.023947	6690	0.000000
281474976710655.000000	17.118662	6691	0.000000
281474976710655.000000	16.198301	6692	0.000000
281474976710655.000000	16.370203	6693	0.000000
281474976710655.000000	16.670124	6694	0.000000
281474976710655.000000	16.512718	6695	0.000000
281474976710655.000000	16.466454	6696	0.000000
281474976710655.000000	16.492527	6697	0.000000
281474976710655.000000	16.192059	6698	0.000000
281474976710655.000000	16.532753	6699	0.000000
281474976710655.000000	16.960049	6700	0.000000
281474976710655.000000	16.204420	6701	0.000000
281474976710655.000000	16.824318	6702	0.000000
281474976710655.000000	16.283134	6703	0.000000
281474976710655.000000	16.082336	6704	0.000000
281474976710655.000000	16.501499	6705	0.000000
281474976710655.000000	16.493479	6706	0.000000
281474976710655.000000	16.394270	6707	0.000000
281474976710655.000000	16.532944	6708	0.000000
281474976710655.000000	15.942518	6709	0.000000
281474976710655.000000	16.141783	6710	0.000000
281474976710655.000000	16.627789	6711	0.000000
281474976710655.000000	15.855892	6712	0.000000
281474976710655.000000	16.218201	6713	0.000000
281474976710655.000000	16.124445	6714	0.000000
281474976710655.000000	16.469488	6715	0.000000
281474976710655.000000	16.429634	6716	0.000000
281474976710655.000000	16.106998	6717	0.000000
281474976710655.000000	16.178894	6718	0.000000
281474976710655.000000	15.770209	6719	0.000000
281474976710655.000000	15.983701	6720	0.000000
281474976710655.000000	15.999945	6721	0.000000
281474976710655.000000	15.916128	6722	0.000000
281474976710655.000000	16.047354	6723	0.000000
281474976710655.000000	16.417889	6724	0.000000
281474976710655.000000	15.849879	6725	0.000000
281474976710655.000000	16.063765	6726	0.000000
281474976710655.000000	15.596547	6727	0.000000
281474976710655.000000	16.258570	6728	0.000000
281474976710655.000000	15.584609	6729	0.000000
281474976710655.000000	15.973165	6730	0.000000
281474976710655.000000	15.257186	6731	0.000000
281474976710655.000000	16.035660	6732	0.000000
281474976710655.000000	15.857455	6733	0.000000
281474976710655.000000	15.705195	6734	0.000000
281474976710655.000000	15.752125	6735	0.000000
281474976710655.000000	15.959256	6736	0.000000
281474976710655.000000	15.291487	6737	0.000000
281474976710655.000000	15.207286	6738	0.000000
281474976710655.000000	15.747833	6739	0.000000
281474976710655.000000	15.467180	6740	0.000000
281474976710655.000000	15.474105	6741	0.000000
281474976710655.000000	15.159613	6742	0.000000
281474976710655.000000	15.499028	6743	0.000000
281474976710655.000000	15.120355	6744	0.000000
281474976710655.000000	15.500578	6745	0.000000
281474976710655.000000	15.666863	6746	0.000000
281474976710655.000000	15.321442	6747	0.000000
281474976710655.000000	15.357808	6748	0.000000
281474976710655.000000	15.470464	6749	0.000000
281474976710655.000000	15.402199	6750	0.000000
281474976710655.000000	15.150442	6751	0.000000
281474976710655.000000	15.688108	6752	0.000000
281474976710655.000000	14.958797	6753	0.000000
281474976710655.000000	15.283207	6754	0.000000
281474976710655.000000	15.716538	6755	0.000000
281474976710655.000000	14.851973	6756	0.000000
281474976710655.000000	15.370041	6757	0.000000
281474976710655.000000	15.164295	6758	0.000000
281474976710655.000000	15.346490	6759	0.000000
281474976710655.000000	15.187259	6760	0.000000
281474976710655.000000	14.930079	6761	0.000000
281474976710655.000000	14.799351	6762	0.000000
281474976710655.000000	15.151221	6763	0.000000
281474976710655.000000	14.677936	6764	0.000000
281474976710655.000000	15.793561	6765	0.000000
281474976710655.000000	14.946614	6766	0.000000
281474976710655.000000	15.255112	6767	0.000000
281474976710655.000000	15.009384	6768	0.000000
281474976710655.000000	15.218505	6769	0.000000
281474976710655.000000	15.347153	6770	0.000000
281474976710655.000000	14.554484	6771	0.000000
281474976710655.000000	15.092071	6772	0.000000
281474976710655.000000	15.166026	6773	0.000000
281474976710655.000000	15.349057	6774	0.000000
281474976710655.000000	14.528052	6775	0.000000
281474976710655.000000	14.615242	6776	0.000000
281474976710655.000000	14.498460	6777	0.000000
281474976710655.000000	14.650345	6778	0.000000
281474976710655.000000	14.257222	6779	0.000000
281474976710655.000000	14.710097	6780	0.000000
281474976710655.000000	14.572168	6781	0.000000
281474976710655.000000	15.045749	6782	0.000000
281474976710655.000000	14.539918	6783	0.000000
281474976710655.000000	14.531463	6784	0.000000
281474976710655.000000	14.403834	6785	0.000000
281474976710655.000000	14.375172	6786	0.000000
281474976710655.000000	15.216818	6787	0.000000
281474976710655.000000	14.383006	6788	0.000000
281474976710655.000000	15.043538	6789	0.000000
281474976710655.000000	14.647011	6790	0.000000
281474976710655.000000	14.602755	6791	0.000000
281474976710655.000000	14.155464	6792	0.000000
281474976710655.000000	14.444972	6793	0.000000
281474976710655.000000	13.936961	6794	0.000000
281474976710655.000000	14.738874	6795	0.000000
281474976710655.000000	14.416103	6796	0.000000
281474976710655.000000	14.330442	6797	0.000000
281474976710655.000000	14.415687	6798	0.000000
281474976710655.000000	14.364123	6799	0.000000
281474976710655.000000	14.067036	6800	0.000000
281474976710655.000000	14.475938	6801	0.000000
281474976710655.000000	14.339853	6802	0.000000
281474976710655.000000	14.533478	6803	0.000000
281474976710655.000000	14.330345	6804	0.000000
281474976710655.000000	13.953737	6805	0.000000
281474976710655.000000	13.720440	6806	0.000000
281474976710655.000000	14.558099	6807	0.000000
281474976710655.000000	14.093413	6808	0.000000
281474976710655.000000	14.221039	6809	0.000000
281474976710655.000000	14.325679	6810	0.000000
281474976710655.000000	13.834901	6811	0.000000
281474976710655.000000	14.080506	6812	0.000000
281474976710655.000000	13.495528	6813	0.000000
281474976710655.000000	14.254816	6814	0.000000
281474976710655.000000	13.506200	6815	0.000000
281474976710655.000000	14.368777	6816	0.000000
281474976710655.000000	13.598561	6817	0.000000
281474976710655.000000	14.784677	6818	0.000000
281474976710655.000000	14.051980	6819	0.000000
281474976710655.000000	14.295111	6820	0.000000
281474976710655.000000	13.385266	6821	0.000000
281474976710655.000000	13.900906	6822	0.000000
281474976710655.000000	13.546872	6823	0.000000
281474976710655.000000	13.622272	6824	0.000000
281474976710655.000000	13.807844	6825	0.000000
281474976710655.000000	13.921846	6826	0.000000
281474976710655.000000	13.185981	6827	0.000000
281474976710655.000000	13.516628	6828	0.000000
281474976710655.000000	13.414443	6829	0.000000
281474976710655.000000	13.576226	6830	0.000000
281474976710655.000000	13.528480	6831	0.000000
281474976710655.000000	13.461695	6832	0.000000
281474976710655.000000	13.871638	6833	0.000000
281474976710655.000000	13.595785	6834	0.000000
281474976710655.000000	13.990616	6835	0.000000
281474976710655.000000	13.438153	6836	0.000000
281474976710655.000000	13.442760	6837	0.000000
281474976710655.000000	13.541995	6838	0.000000
281474976710655.000000	13.687989	6839	0.000000
281474976710655.000000	12.867840	6840	0.000000
281474976710655.000000	13.244247	6841	0.000000
281474976710655.000000	13.097305	6842	0.000000
281474976710655.000000	13.107234	6843	0.000000
281474976710655.000000	13.176946	6844	0.000000
281474976710655.000000	13.573245	6845	0.000000
281474976710655.000000	13.374318	6846	0.000000
281474976710655.000000	13.069887	6847	0.000000
281474976710655.000000	13.477571	6848	0.000000
281474976710655.000000	13.744469	6849	0.000000
281474976710655.000000	12.808485	6850	0.000000
281474976710655.000000	13.153296	6851	0.000000
281474976710655.000000	13.289857	6852	0.000000
281474976710655.000000	13.452174	6853	0.000000
281474976710655.000000	13.184784	6854	0.000000
281474976710655.000000	13.083761	6855	0.000000
281474976710655.000000	13.132207	6856	0.000000
281474976710655.000000	12.815845	6857	0.000000
281474976710655.000000	13.080555	6858	0.000000
281474976710655.000000	12.839331	6859	0.000000
281474976710655.000000	13.134825	6860	0.000000
281474976710655.000000	12.922001	6861	0.000000
281474976710655.000000	12.704523	6862	0.000000
281474976710655.000000	12.717631	6863	0.000000
281474976710655.000000	13.120587	6864	0.000000
281474976710655.000000	12.912962	6865	0.000000
281474976710655.000000	12.870807	6866	0.000000
281474976710655.000000	12.497045	6867	0.000000
281474976710655.000000	13.016331	6868	0.000000
281474976710655.000000	12.559039	6869	0.000000
281474976710655.000000	13.209776	6870	0.000000
281474976710655.000000	12.603860	6871	0.000000
281474976710655.000000	12.781071	6872	0.000000
281474976710655.000000	12.781112	6873	0.000000
281474976710655.000000	12.819667	6874	0.000000
281474976710655.000000	12.672854	6875	0.000000
281474976710655.000000	12.634321	6876	0.000000
281474976710655.000000	13.144485	6877	0.000000
281474976710655.000000	12.570251	6878	0.000000
281474976710655.000000	12.597683	6879	0.000000
281474976710655.000000	12.652059	6880	0.000000
281474976710655.000000	12.877303	6881	0.000000
281474976710655.000000	12.104424	6882	0.000000
281474976710655.000000	12.496331	6883	0.000000
281474976710655.000000	12.581025	6884	0.000000
281474976710655.000000	12.411737	6885	0.000000
281474976710655.000000	12.208125	6886	0.000000
281474976710655.000000	12.621426	6887	0.000000
281474976710655.000000	12.346504	6888	0.000000
281474976710655.000000	12.508767	6889	0.000000
281474976710655.000000	12.498047	6890	0.000000
281474976710655.000000	12.519363	6891	0.000000
281474976710655.000000	13.051361	6892	0.000000
281474976710655.000000	12.434825	6893	0.000000
281474976710655.000000	12.095590	6894	0.000000
281474976710655.000000	11.982133	6895	0.000000
281474976710655.000000	12.260985	6896	0.000000
281474976710655.000000	12.365719	6897	0.000000
281474976710655.000000	12.166075	6898	0.000000
281474976710655.000000	12.071475	6899	0.000000
281474976710655.000000	12.035214	6900	0.000000
281474976710655.000000	12.148536	6901	0.000000
281474976710655.000000	12.229316	6902	0.000000
281474976710655.000000	12.122242	6903	0.000000
281474976710655.000000	12.319713	6904	0.000000
281474976710655.000000	12.217180	6905	0.000000
281474976710655.000000	12.046017	6906	0.000000
281474976710655.000000	11.785994	6907	0.000000
281474976710655.000000	12.034716	6908	0.000000
281474976710655.000000	11.947774	6909	0.000000
281474976710655.000000	12.431969	6910	0.000000
281474976710655.000000	11.953140	6911	0.000000
281474976710655.000000	11.885692	6912	0.000000
281474976710655.000000	11.972689	6913	0.000000
281474976710655.000000	12.141549	6914	0.000000
281474976710655.000000	11.893877	6915	0.000000
281474976710655.000000	11.806203	6916	0.000000
281474976710655.000000	11.732740	6917	0.000000
281474976710655.000000	12.086022	6918	0.000000
281474976710655.000000	12.028060	6919	0.000000
281474976710655.000000	11.684713	6920	0.000000
281474976710655.000000	11.944717	6921	0.000000
281474976710655.000000	11.801332	6922	0.000000
281474976710655.000000	12.072872	6923	0.000000
281474976710655.000000	11.408197	6924	0.000000
281474976710655.000000	11.773385	6925	0.000000
281474976710655.000000	11.507607	6926	0.000000
281474976710655.000000	12.181572	6927	0.000000
281474976710655.000000	11.508430	6928	0.000000
281474976710655.000000	11.459782	6929	0.000000
281474976710655.000000	11.434690	6930	0.000000
281474976710655.000000	11.867355	6931	0.000000
281474976710655.000000	11.706511	6932	0.000000
281474976710655.000000	11.720876	6933	0.000000
281474976710655.000000	11.641557	6934	0.000000
281474976710655.000000	11.635935	6935	0.000000
281474976710655.000000	11.503404	6936	0.000000
281474976710655.000000	11.805313	6937	0.000000
281474976710655.000000	11.487320	6938	0.000000
281474976710655.000000	11.613971	6939	0.000000
281474976710655.000000	11.620177	6940	0.000000
281474976710655.000000	11.822280	6941	0.000000
281474976710655.000000	11.339385	6942	0.000000
281474976710655.000000	11.626544	6943	0.000000
281474976710655.000000	11.290549	6944	0.000000
281474976710655.000000	11.567615	6945	0.000000
281474976710655.000000	11.469768	6946	0.000000
281474976710655.000000	11.713157	6947	0.000000
281474976710655.000000	11.318971	6948	0.000000
281474976710655.000000	11.498855	6949	0.000000
281474976710655.000000	11.527499	6950	0.000000
281474976710655.000000	11.480536	6951	0.000000
281474976710655.000000	11.549417	6952	0.000000
281474976710655.000000	11.256843	6953	0.000000
281474976710655.000000	11.281878	6954	0.000000
281474976710655.000000	11.345701	6955	0.000000
281474976710655.000000	11.194436	6956	0.000000
281474976710655.000000	11.115276	6957	0.000000
281474976710655.000000	11.108154	6958	0.000000
281474976710655.000000	11.307555	6959	0.000000
281474976710655.000000	11.129915	6960	0.000000
281474976710655.000000	11.014837	6961	0.000000
281474976710655.000000	11.359438	6962	0.000000
281474976710655.000000	11.554528	6963	0.000000
281474976710655.000000	10.974817	6964	0.000000
281474976710655.000000	11.325562	6965	0.000000
281474976710655.000000	11.070557	6966	0.000000
281474976710655.000000	11.359288	6967	0.000000
281474976710655.000000	11.097289	6968	0.000000
281474976710655.000000	10.983623	6969	0.000000
281474976710655.000000	10.998374	6970	0.000000
281474976710655.000000	11.166513	6971	0.000000
281474976710655.000000	11.050495	6972	0.000000
281474976710655.000000	11.199966	6973	0.000000
281474976710655.000000	11.023318	6974	0.000000
281474976710655.000000	11.046781	6975	0.000000
281474976710655.000000	10.932765	6976	0.000000
281474976710655.000000	11.044363	6977	0.000000
281474976710655.000000	11.027220	6978	0.000000
281474976710655.000000	11.053977	6979	0.000000
281474976710655.000000	10.969011	6980	0.000000
281474976710655.000000	10.848067	6981	0.000000
281474976710655.000000	10.895512	6982	0.000000
281474976710655.000000	10.954376	6983	0.000000
281474976710655.000000	10.764593	6984	0.000000
281474976710655.000000	11.242770	6985	0.000000
281474976710655.000000	10.848324	6986	0.000000
281474976710655.000000	10.992196	6987	0.000000
281474976710655.000000	10.760921	6988	0.000000
281474976710655.000000	10.801400	6989	0.000000
281474976710655.000000	10.907983	6990	0.000000
281474976710655.000000	10.925278	6991	0.000000
281474976710655.000000	10.816677	6992	0.000000
281474976710655.000000	10.913611	6993	0.000000
281474976710655.000000	10.762339	6994	0.000000
281474976710655.000000	10.735314	6995	0.000000
281474976710655.000000	10.881005	6996	0.000000
281474976710655.000000	10.692785	6997	0.000000
281474976710655.000000	10.637514	6998	0.000000
281474976710655.000000	10.553761	6999	0.000000
281474976710655.000000	10.672010	7000	0.000000
281474976710655.000000	10.743621	7001	0.000000
281474976710655.000000	10.886640	7002	0.000000
281474976710655.000000	10.603560	7003	0.000000
281474976710655.000000	10.559463	7004	0.000000
281474976710655.000000	10.692938	7005	0.000000
281474976710655.000000	10.466967	7006	0.000000
281474976710655.000000	10.726933	7007	0.000000
281474976710655.000000	10.440407	7008	0.000000
281474976710655.000000	10.769054	7009	0.000000
281474976710655.000000	10.638541	7010	0.000000
281474976710655.000000	10.748861	7011	0.000000
281474976710655.000000	10.366867	7012	0.000000
281474976710655.000000	10.870814	7013	0.000000
281474976710655.000000	10.302567	7014	0.000000
281474976710655.000000	10.648040	7015	0.000000
281474976710655.000000	10.312128	7016	0.000000
281474976710655.000000	10.550431	7017	0.000000
281474976710655.000000	10.316485	7018	0.000000
281474976710655.000000	10.623692	7019	0.000000
281474976710655.000000	10.385903	7020	0.000000
281474976710655.000000	10.595513	7021	0.000000
281474976710655.000000	10.436471	7022	0.000000
281474976710655.000000	10.483232	7023	0.000000
281474976710655.000000	10.287300	7024	0.000000
281474976710655.000000	10.541017	7025	0.000000
281474976710655.000000	10.223479	7026	0.000000
281474976710655.000000	10.581979	7027	0.000000
281474976710655.000000	10.216103	7028	0.000000
281474976710655.000000	10.512341	7029	0.000000
281474976710655.000000	10.174873	7030	0.000000
281474976710655.000000	10.529575	7031	0.000000
281474976710655.000000	10.189188	7032	0.000000
281474976710655.000000	10.478059	7033	0.000000
281474976710655.000000	10.220817	7034	0.000000
281474976710655.000000	10.366148	7035	0.000000
281474976710655.000000	10.195382	7036	0.000000
281474976710655.000000	10.294095	7037	0.000000
281474976710655.000000	10.266315	7038	0.000000
281474976710655.000000	10.362347	7039	0.000000
281474976710655.000000	10.186275	7040	0.000000
281474976710655.000000	10.361488	7041	0.000000
281474976710655.000000	10.311729	7042	0.000000
281474976710655.000000	10.134420	7043	0.000000
281474976710655.000000	10.101597	7044	0.000000
281474976710655.000000	10.179567	7045	0.000000
281474976710655.000000	10.020279	7046	0.000000
281474976710655.000000	10.240755	7047	0.000000
281474976710655.000000	10.071703	7048	0.000000
281474976710655.000000	10.063566	7049	0.000000
281474976710655.000000	9.959260	7050	0.000000
281474976710655.000000	10.084665	7051	0.000000
281474976710655.000000	10.100807	7052	0.000000
281474976710655.000000	10.159259	7053	0.000000
281474976710655.000000	9.951782	7054	0.000000
281474976710655.000000	10.146869	7055	0.000000
281474976710655.000000	10.097202	7056	0.000000
281474976710655.000000	10.121549	7057	0.000000
281474976710655.000000	9.729189	7058	0.000000
281474976710655.000000	10.058865	7059	0.000000
281474976710655.000000	9.856528	7060	0.000000
281474976710655.000000	10.099455	7061	0.000000
281474976710655.000000	9.889855	7062	0.000000
281474976710655.000000	10.042623	7063	0.000000
281474976710655.000000	9.745954	7064	0.000000
281474976710655.000000	9.978557	7065	0.000000
281474976710655.000000	9.786724	7066	0.000000
281474976710655.000000	10.008356	7067	0.000000
281474976710655.000000	9.666720	7068	0.000000
281474976710655.000000	9.889216	7069	0.000000
281474976710655.000000	9.697188	7070	0.000000
281474976710655.000000	10.044058	7071	0.000000
281474976710655.000000	9.792878	7072	0.000000
281474976710655.000000	10.107620	7073	0.000000
281474976710655.000000	9.749393	7074	0.000000
281474976710655.000000	9.922484	7075	0.000000
281474976710655.000000	9.695050	7076	0.000000
281474976710655.000000	10.011869	7077	0.000000
281474976710655.000000	9.618286	7078	0.000000
281474976710655.000000	9.811975	7079	0.000000
281474976710655.000000	9.619343	7080	0.000000
281474976710655.000000	9.767441	7081	0.000000
281474976710655.000000	9.606262	7082	0.000000
281474976710655.000000	9.716821	7083	0.000000
281474976710655.000000	9.791980	7084	0.000000
281474976710655.000000	9.875768	7085	0.000000
281474976710655.000000	9.768810	7086	0.000000
281474976710655.000000	9.689011	7087	0.000000
281474976710655.000000	9.567647	7088	0.000000
281474976710655.000000	9.751487	7089	0.000000
281474976710655.000000	9.645745	7090	0.000000
281474976710655.000000	9.868648	7091	0.000000
281474976710655.000000	9.547400	7092	0.000000
281474976710655.000000	9.600412	7093	0.000000
281474976710655.000000	9.454974	7094	0.000000
281474976710655.000000	9.606791	7095	0.000000
281474976710655.000000	9.663524	7096	0.000000
281474976710655.000000	9.632473	7097	0.000000
281474976710655.000000	9.453034	7098	0.000000
281474976710655.000000	9.703990	7099	0.000000
281474976710655.000000	9.363245	7100	0.000000
281474976710655.000000	9.763020	7101	0.000000
281474976710655.000000	9.366748	7102	0.000000
281474976710655.000000	9.605581	7103	0.000000
281474976710655.000000	9.479771	7104	0.000000
281474976710655.000000	9.738233	7105	0.000000
281474976710655.000000	9.232835	7106	0.000000
281474976710655.000000	9.700437	7107	0.000000
281474976710655.000000	9.324724	7108	0.000000
281474976710655.000000	9.606999	7109	0.000000
281474976710655.000000	9.398371	7110	0.000000
281474976710655.000000	9.580579	7111	0.000000
281474976710655.000000	9.286065	7112	0.000000
281474976710655.000000	9.542415	7113	0.000000
281474976710655.000000	9.342349	7114	0.000000
281474976710655.000000	9.535833	7115	0.000000
281474976710655.000000	9.242093	7116	0.000000
281474976710655.000000	9.564247	7117	0.000000
281474976710655.000000	9.324430	7118	0.000000
281474976710655.000000	9.448318	7119	0.000000
281474976710655.000000	9.234875	7120	0.000000
281474976710655.000000	9.313107	7121	0.000000
281474976710655.000000	9.198523	7122	0.000000
281474976710655.000000	9.423514	7123	0.000000
281474976710655.000000	9.283999	7124	0.000000
281474976710655.000000	9.487553	7125	0.000000
281474976710655.000000	9.168048	7126	0.000000
281474976710655.000000	9.382108	7127	0.000000
281474976710655.000000	9.220426	7128	0.000000
281474976710655.000000	9.281263	7129	0.000000
281474976710655.000000	9.196078	7130	0.000000
281474976710655.000000	9.419470	7131	0.000000
281474976710655.000000	9.156721	7132	0.000000
281474976710655.000000	9.242534	7133	0.000000
281474976710655.000000	9.054660	7134	0.000000
281474976710655.000000	9.239143	7135	0.000000
281474976710655.000000	9.118066	7136	0.000000
281474976710655.000000	9.119948	7137	0.000000
281474976710655.000000	9.172142	7138	0.000000
281474976710655.000000	9.289874	7139	0.000000
281474976710655.000000	9.118597	7140	0.000000
281474976710655.000000	9.390818	7141	0.000000
281474976710655.000000	9.064333	7142	0.000000
281474976710655.000000	9.376374	7143	0.000000
281474976710655.000000	8.925879	7144	0.000000
281474976710655.000000	9.222573	7145	0.000000
281474976710655.000000	8.941749	7146	0.000000
281474976710655.000000	9.292379	7147	0.000000
281474976710655.000000	9.016230	7148	0.000000
281474976710655.000000	9.166344	7149	0.000000
281474976710655.000000	9.034507	7150	0.000000
281474976710655.000000	9.121535	7151	0.000000
281474976710655.000000	8.925622	7152	0.000000
281474976710655.000000	9.190879	7153	0.000000
281474976710655.000000	8.888597	7154	0.000000
281474976710655.000000	9.232352	7155	0.000000
281474976710655.000000	8.857849	7156	0.000000
281474976710655.000000	8.994060	7157	0.000000
281474976710655.000000	8.938565	7158	0.000000
281474976710655.000000	9.090932	7159	0.000000
281474976710655.000000	8.905285	7160	0.000000
281474976710655.000000	8.938397	7161	0.000000
281474976710655.000000	8.908115	7162	0.000000
281474976710655.000000	9.074157	7163	0.000000
281474976710655.000000	8.926762	7164	0.000000
281474976710655.000000	9.042741	7165	0.000000
281474976710655.000000	8.844357	7166	0.000000
281474976710655.000000	8.964447	7167	0.000000
281474976710655.000000	8.715449	7168	0.000000
281474976710655.000000	9.079104	7169	0.000000
281474976710655.000000	8.734181	7170	0.000000
281474976710655.000000	9.160198	7171	0.000000
281474976710655.000000	8.730393	7172	0.000000
281474976710655.000000	8.902454	7173	0.000000
281474976710655.000000	8.794404	7174	0.000000
281474976710655.000000	8.917237	7175	0.000000
281474976710655.000000	8.827352	7176	0.000000
281474976710655.000000	8.980470	7177	0.000000
281474976710655.000000	8.655408	7178	0.000000
281474976710655.000000	8.991770	7179	0.000000
281474976710655.000000	8.856347	7180	0.000000
281474976710655.000000	8.900082	7181	0.000000
281474976710655.000000	8.898139	7182	0.000000
281474976710655.000000	8.954441	7183	0.000000
281474976710655.000000	8.675563	7184	0.000000
281474976710655.000000	8.925595	7185	0.000000
281474976710655.000000	8.662512	7186	0.000000
281474976710655.000000	8.855660	7187	0.000000
281474976710655.000000	8.804295	7188	0.000000
281474976710655.000000	8.907999	7189	0.000000
281474976710655.000000	8.511015	7190	0.000000
281474976710655.000000	8.941248	7191	0.000000
