num crossings	time (s)	maj axis (mm)	min axis (mm)	theta (rad )	slope (V/s)
3273	5690.272260	121.866756	1.910148	0.521131	47.954595
3275	5692.341142	121.303776	1.945703	0.517323	47.075761
3277	5694.409591	122.010382	1.830828	0.524942	46.132936
3279	5696.478461	122.044385	1.845356	0.525111	46.196034
3281	5698.547827	121.861160	1.826548	0.525862	45.918931
3283	5700.617562	121.505042	1.870159	0.525682	45.793443
3285	5702.687839	121.342194	1.945066	0.525591	45.418277
3287	5704.758333	121.244831	1.978016	0.528779	45.272023
3289	5706.828792	120.874017	1.961153	0.530066	44.685846
3291	5708.898657	120.846852	2.032276	0.534573	45.057474
3293	5710.967746	120.670096	1.993630	0.534502	45.905266
3295	5713.035183	120.593322	2.023753	0.535701	45.249973
3297	5715.101893	121.598813	1.162865	0.545172	45.130988
3299	5717.168660	120.651738	2.739373	0.538005	45.200926
3301	5719.236565	121.117148	1.057050	0.545190	44.435625
3303	5721.305047	120.758937	1.172331	0.546371	45.658433
3305	5723.374084	120.943830	1.523885	0.541027	44.532196
3307	5725.443398	120.013661	1.812693	0.540632	44.386552
3309	5727.512965	119.667608	1.920430	0.541344	47.111937
3311	5729.582791	119.738076	1.713231	0.542075	44.180607
3313	5731.652646	119.916851	1.542042	0.541152	42.828940
3315	5733.723850	119.171004	2.857446	0.543347	43.852717
3317	5735.795881	117.759169	2.185891	0.547034	43.607951
3319	5737.867873	118.636793	1.920711	0.537819	44.597010
3321	5739.939388	117.234827	2.171490	0.542080	43.529089
3323	5742.009519	117.429476	2.159174	0.536036	43.940800
3325	5744.078707	117.812845	2.191251	0.537024	43.048634
3327	5746.147338	117.975526	2.181707	0.537453	43.113674
3329	5748.216197	117.563493	2.162559	0.538276	43.389530
3331	5750.285126	118.081103	2.075662	0.539257	42.807728
3333	5752.354454	117.751628	2.281494	0.540204	43.332012
3335	5754.424406	116.601178	2.244942	0.541960	43.443491
3337	5756.494214	116.981242	2.299217	0.542102	43.165882
3339	5758.564224	116.548491	2.314532	0.546743	41.229968
3341	5760.633836	116.762959	2.290864	0.547129	41.325874
3343	5762.702412	116.613859	2.414118	0.551834	44.950847
3345	5764.769668	116.465927	2.464701	0.547758	41.375822
3347	5766.836310	115.627899	2.472178	0.556298	41.104963
3349	5768.903219	116.260803	3.083295	0.554334	42.414965
3351	5770.970520	116.758667	1.963583	0.551958	42.550436
3353	5773.038853	116.433939	1.967361	0.553613	41.231922
3355	5775.107591	115.741174	2.395622	0.553003	41.901635
3357	5777.176963	115.942657	2.114049	0.556483	40.856146
3359	5779.246308	115.335340	2.382610	0.557584	41.321674
3361	5781.316219	115.072947	2.337007	0.557383	40.922766
3363	5783.386328	114.990840	3.267184	0.558539	40.736376
3365	5785.457603	114.807437	3.297504	0.561413	40.015006
3367	5787.529453	114.295114	2.536856	0.552590	40.602551
3369	5789.601245	114.394641	2.545870	0.553431	40.330590
3371	5791.672284	113.451524	2.670526	0.552241	40.492741
3373	5793.742080	113.774133	2.606873	0.550535	40.258877
3375	5795.811005	113.833629	2.780482	0.551379	39.894269
3377	5797.879835	113.591023	2.697197	0.553210	40.276571
3379	5799.948752	113.489462	2.650796	0.554855	39.166378
3381	5802.017816	113.261590	2.736300	0.557072	38.838884
3383	5804.087186	112.840995	2.761920	0.558964	40.452800
3385	5806.157165	112.739401	2.816162	0.561237	40.121373
3387	5808.226870	112.837170	2.816620	0.561280	38.736096
3389	5810.295930	112.516008	2.849597	0.564331	39.286930
3391	5812.364308	113.387998	3.746636	0.575025	40.077074
3393	5814.432061	112.396401	2.977179	0.566891	40.077663
3395	5816.498383	112.915656	3.610711	0.574559	39.909972
3397	5818.565214	113.345661	2.067038	0.577613	39.832933
3399	5820.632374	112.784589	2.314578	0.575647	39.696229
3401	5822.700322	112.590876	2.143380	0.579902	38.312335
3403	5824.769257	112.338461	2.530577	0.576398	39.319540
3405	5826.838232	112.116466	2.209227	0.582480	38.692872
3407	5828.907522	112.026573	2.276440	0.581813	37.970038
3409	5830.977109	110.514050	3.270426	0.577239	37.629777
3411	5833.047649	111.166386	3.949119	0.578348	37.365847
3413	5835.119079	111.239973	3.965225	0.579806	37.637607
3415	5837.190497	111.261933	3.960045	0.582082	38.101309
3417	5839.262033	110.186079	3.205458	0.582146	37.097247
3419	5841.332674	110.314474	3.285910	0.568925	36.888657
3421	5843.402295	109.841295	3.397216	0.571401	37.460386
3423	5845.471401	109.908334	3.359521	0.572422	37.562963
3425	5847.540057	109.978335	3.357086	0.573336	38.192695
3427	5849.608899	110.483464	3.170639	0.570444	37.220319
3429	5851.678154	109.601619	3.440189	0.576183	36.323265
3431	5853.747452	109.355566	3.450692	0.578618	37.072391
3433	5855.817166	110.175590	4.549857	0.591261	37.728100
3435	5857.886042	109.102782	3.586079	0.581829	36.872319
3437	5859.954629	109.084085	3.617883	0.584925	37.000783
3439	5862.022364	108.898255	3.725968	0.586801	36.932353
3441	5864.088996	108.739987	3.751927	0.586358	36.316779
3443	5866.155726	109.732782	2.700667	0.599636	36.815140
3445	5868.222212	109.392220	2.910831	0.598407	37.746928
3447	5870.290111	109.154599	2.764797	0.598171	36.541808
3449	5872.358625	108.943855	2.738616	0.600477	36.308339
3451	5874.427236	108.922601	3.043448	0.597481	36.903623
3453	5876.496465	108.722782	2.811578	0.602231	35.659849
3455	5878.566186	108.090209	4.774398	0.596814	35.642150
3457	5880.636353	107.801050	4.717344	0.597160	35.733431
3459	5882.707188	106.755615	3.908045	0.590994	35.574111
3461	5884.778630	107.101750	3.919198	0.594948	35.462917
3463	5886.850187	106.541898	3.982133	0.593104	35.360689
3465	5888.920786	106.341108	4.050045	0.593112	34.711149
3467	5890.990888	106.138056	4.120424	0.594466	35.549194
3469	5893.060105	106.288011	4.230684	0.594580	35.141095
3471	5895.129082	106.176590	4.136239	0.595316	35.949354
3473	5897.197684	106.006477	4.178384	0.597081	35.488042
3475	5899.266933	105.554284	4.244406	0.601402	35.406481
3477	5901.335964	105.992110	4.187916	0.599674	34.944166
3479	5903.405220	105.887782	4.295045	0.601974	34.860223
3481	5905.474084	105.663611	4.367134	0.603763	34.462026
3483	5907.542393	105.807074	4.376619	0.606222	34.850770
3485	5909.609729	106.622654	5.453501	0.618085	34.721747
3487	5911.676260	106.479192	5.500522	0.616449	35.139796
3489	5913.742601	106.062840	5.545752	0.615690	34.768268
3491	5915.809689	105.113428	4.619568	0.615431	34.003103
3493	5917.877352	105.589728	5.514191	0.615179	34.440160
3495	5919.945772	105.336935	5.519788	0.616748	34.987055
3497	5922.014482	104.712266	5.466123	0.620152	34.027623
3499	5924.083451	104.832851	5.515820	0.619737	33.871734
3501	5926.153212	104.838186	5.524551	0.620355	33.563175
3503	5928.223572	104.180866	4.615265	0.618428	33.023239
3505	5930.294601	104.827600	3.801528	0.626966	33.517142
3507	5932.365884	103.481743	4.833637	0.617877	33.426853
3509	5934.436992	103.769819	4.785628	0.616285	33.932678
3511	5936.507374	103.564297	4.757591	0.615767	33.195644
3513	5938.577195	103.091662	4.947169	0.618871	33.210784
3515	5940.646355	103.225093	4.934058	0.617870	33.014758
3517	5942.715107	102.866864	5.069617	0.622197	33.559067
3519	5944.784107	102.863082	5.076815	0.620499	33.606755
3521	5946.853207	103.097751	4.960525	0.622234	32.943977
3523	5948.921948	102.474180	5.155914	0.626768	32.801916
3525	5950.990941	102.504643	5.073357	0.628378	32.823373
3527	5953.059299	102.266341	5.172758	0.632798	33.288576
3529	5955.126751	101.888050	5.235525	0.635457	32.907821
3531	5957.193681	102.326732	5.280776	0.632527	32.480785
3533	5959.259741	102.888694	5.918135	0.642508	32.130784
3535	5961.326592	102.532988	5.960663	0.641046	32.733083
3537	5963.393952	102.225686	5.987015	0.640769	32.255612
3539	5965.462037	102.064488	6.051729	0.641558	33.535655
3541	5967.530206	101.785090	6.196431	0.643415	33.082606
3543	5969.599396	101.792694	6.155770	0.643288	32.620522
3545	5971.668404	101.084150	6.192025	0.648992	31.819857
3547	5973.738604	100.900647	5.522094	0.642640	31.614910
3549	5975.809018	100.782308	5.458292	0.642985	32.104065
3551	5977.880201	100.522759	5.655941	0.656032	32.316527
3553	5979.951573	100.239402	5.679228	0.644386	32.174843
3555	5982.022029	100.501922	5.661447	0.642086	31.453140
3557	5984.092091	99.845352	5.740669	0.647223	31.310522
3559	5986.161266	99.583855	5.780995	0.648647	32.068650
3561	5988.230172	99.695451	5.785511	0.648399	31.795017
3563	5990.299052	101.128998	6.656480	0.664310	30.774174
3565	5992.368063	99.379492	5.899404	0.653224	31.193159
3567	5994.436846	99.584793	5.870499	0.653458	30.281590
3569	5996.505425	99.574148	5.910723	0.655004	30.792959
3571	5998.573744	98.616666	6.102063	0.662432	31.535594
3573	6000.640907	99.216428	6.083462	0.660258	31.821843
3575	6002.707812	99.236791	6.107456	0.660753	30.470055
3577	6004.774337	98.413437	6.202083	0.670751	31.275385
3579	6006.841083	99.580865	6.883750	0.669906	31.744309
3581	6008.908088	99.353488	6.890718	0.668497	30.618613
3583	6010.975822	99.123730	6.895392	0.670253	30.851359
3585	6013.044101	98.656446	6.238029	0.661838	30.845528
3587	6015.113089	98.791735	7.035498	0.673883	30.936186
3589	6017.182529	98.437671	6.271627	0.670331	31.144714
3591	6019.251827	98.418590	7.182096	0.676576	30.647581
3593	6021.322473	98.504246	7.189053	0.679009	30.250083
3595	6023.393673	98.273532	6.984371	0.683422	30.515032
3597	6025.464698	97.224311	6.574265	0.687479	30.189368
3599	6027.535463	97.336171	6.649753	0.689739	29.441414
3601	6029.605672	96.925310	6.628919	0.675892	29.169744
3603	6031.674775	97.312702	6.639206	0.674153	29.405843
3605	6033.743865	96.652283	6.701829	0.680229	29.416850
3607	6035.812578	97.262694	6.666623	0.677739	30.161171
3609	6037.881599	96.414478	6.789990	0.684984	29.787277
3611	6039.950171	96.878303	6.800173	0.682342	30.326462
3613	6042.018888	96.622671	6.860971	0.686293	29.165617
3615	6044.086886	96.995765	6.854763	0.685750	29.722919
3617	6046.154244	96.558534	7.040251	0.688699	29.510621
3619	6048.221031	98.024894	7.765395	0.704161	29.786021
3621	6050.287313	97.824661	5.800478	0.705305	29.804177
3623	6052.353973	96.460754	7.093440	0.691332	29.182455
3625	6054.420887	96.791689	7.833580	0.701681	29.861427
3627	6056.488927	96.502851	7.872177	0.702918	29.228539
3629	6058.557172	96.602004	6.049037	0.713368	29.094634
3631	6060.625622	96.044916	7.962758	0.705099	28.264121
3633	6062.695145	95.726113	7.973075	0.706649	28.416598
3635	6064.764878	95.735345	7.950527	0.709211	28.102441
3637	6066.835080	95.603532	7.934019	0.713403	28.770575
3639	6068.906245	94.511334	7.450562	0.711658	28.898188
3641	6070.976866	94.443057	7.566912	0.708222	28.047496
3643	6073.047863	94.320815	7.595042	0.712162	28.960034
3645	6075.117576	95.674825	7.925589	0.726290	29.252361
3647	6077.187215	94.104088	7.660505	0.716051	27.935165
3649	6079.256146	94.023215	7.677108	0.712863	27.366839
3651	6081.325024	93.914782	7.704014	0.715202	28.476643
3653	6083.393724	93.175050	7.857040	0.719688	28.089840
3655	6085.462525	94.100399	7.752437	0.717457	28.350610
3657	6087.530785	93.739325	7.814767	0.721457	29.069515
3659	6089.598379	93.567764	7.934987	0.723776	27.920402
3661	6091.665475	93.719100	7.990324	0.724230	28.332644
3663	6093.732203	93.494958	7.965193	0.726338	28.333939
3665	6095.798547	93.321192	8.034616	0.728070	27.495577
3667	6097.865173	93.575970	8.199695	0.734203	27.958523
3669	6099.932346	93.721865	8.789607	0.735459	27.299854
3671	6102.000120	93.973102	8.918511	0.736181	26.609142
3673	6104.068682	93.849452	9.027785	0.738885	27.058884
3675	6106.137401	93.714034	9.208403	0.739505	26.734540
3677	6108.206890	93.946390	9.214411	0.743690	27.590564
3679	6110.276833	92.367355	8.266055	0.738312	27.276552
3681	6112.347140	91.889923	8.373535	0.744190	27.382666
3683	6114.418169	92.792750	8.206402	0.738522	26.912923
3685	6116.488770	91.706596	8.412737	0.747308	26.923199
3687	6118.559196	91.771106	8.492707	0.747672	27.258395
3689	6120.629101	92.220253	8.534090	0.741323	26.225286
3691	6122.698176	91.485410	8.557728	0.750929	26.789665
3693	6124.767099	91.748809	8.620152	0.749385	25.951108
3695	6126.836120	92.572577	8.429942	0.743517	25.840435
3697	6128.904744	91.128893	8.650397	0.755874	26.093018
3699	6130.972937	91.183276	8.723781	0.756668	25.501770
3701	6133.041206	91.197725	8.818572	0.758364	26.596367
3703	6135.108415	91.038496	8.892034	0.759632	26.450246
3705	6137.175216	90.823116	8.899738	0.763491	26.225041
3707	6139.241427	91.059401	8.895774	0.762902	26.283680
3709	6141.308273	90.794553	8.998571	0.775716	26.116225
3711	6143.374929	91.419335	9.630301	0.771923	26.333361
3713	6145.442265	90.626722	9.035870	0.775803	25.606639
3715	6147.510344	90.332789	9.081184	0.777734	26.100560
3717	6149.578774	90.420024	9.125989	0.781339	25.924222
3719	6151.647985	90.208956	9.167244	0.783518	25.631368
3721	6153.717224	89.990908	9.225421	0.786818	26.077778
3723	6155.787432	89.570297	9.210005	0.781394	25.346146
3725	6157.858181	89.514873	9.301564	0.778481	25.882258
3727	6159.928812	89.366778	9.307285	0.786270	25.411908
3729	6161.999534	89.427216	9.315390	0.792883	25.334656
3731	6164.069648	89.023654	9.375513	0.787805	25.306775
3733	6166.139218	88.875324	9.398703	0.789167	24.556774
3735	6168.208690	89.064414	9.423151	0.787221	24.653645
3737	6170.277418	88.881895	9.500571	0.789419	24.830931
3739	6172.345932	89.023055	9.541544	0.789753	25.117834
3741	6174.414450	88.978267	9.622437	0.794871	24.222942
3743	6176.482407	88.637488	9.657526	0.796999	24.364883
3745	6178.549931	88.803001	9.733391	0.799231	24.476091
3747	6180.617247	88.554310	9.725584	0.804000	24.903030
3749	6182.683498	90.423858	10.500154	0.815258	23.996213
3751	6184.749876	88.527697	9.876231	0.815982	25.156231
3753	6186.816547	88.247087	9.879397	0.814998	24.501095
3755	6188.883825	88.372999	9.940815	0.817420	24.146972
3757	6190.951629	88.567737	10.634738	0.814938	24.736192
3759	6193.019894	88.710406	10.702063	0.816143	23.973330
3761	6195.088600	88.028272	10.150661	0.824616	24.724069
3763	6197.157720	87.934402	10.265237	0.823596	24.396934
3765	6199.227359	87.375175	10.101436	0.816925	24.406391
3767	6201.297686	87.226502	10.123179	0.825822	24.285704
3769	6203.368634	87.368377	10.148111	0.832686	24.275000
3771	6205.438946	86.849511	10.147211	0.832000	23.854844
3773	6207.509623	87.104237	10.218591	0.834637	23.636846
3775	6209.579583	86.709165	10.260498	0.834916	24.139574
3777	6211.648809	86.501350	10.320187	0.832281	22.978022
3779	6213.717781	86.592695	10.368702	0.831082	22.889966
3781	6215.786253	86.268187	10.406103	0.836270	23.388338
3783	6217.854925	86.399374	10.475820	0.836868	22.800654
3785	6219.923584	85.755572	10.520034	0.843649	23.712107
3787	6221.991187	86.353499	10.579386	0.843739	22.987178
3789	6224.058329	86.418155	10.586757	0.844947	23.306746
3791	6226.124525	86.037179	10.656239	0.852846	23.375123
3793	6228.190976	86.403144	10.611343	0.854399	22.637174
3795	6230.257514	86.204605	10.658667	0.858056	23.361500
3797	6232.324884	85.730881	10.745033	0.862008	23.008336
3799	6234.392286	86.907367	11.663277	0.856204	23.168279
3801	6236.460309	85.994911	10.827579	0.864778	22.780606
3803	6238.528877	85.590122	10.825702	0.866939	22.822440
3805	6240.598016	85.258284	10.915551	0.860895	22.613255
3807	6242.667832	85.420700	10.889884	0.872948	22.628762
3809	6244.737484	85.181116	10.897211	0.874192	22.858093
3811	6246.807867	84.850821	10.968460	0.872397	22.824015
3813	6248.878755	84.935562	10.957830	0.873845	22.809056
3815	6250.948941	84.649533	11.032949	0.876276	22.502810
3817	6253.019108	84.573458	11.016747	0.880113	22.130435
3819	6255.088553	84.471722	11.084288	0.877705	22.458176
3821	6257.157734	84.609630	11.215752	0.876859	21.548755
3823	6259.226526	84.061262	11.156069	0.882421	22.210857
3825	6261.295141	84.017105	11.219545	0.884111	22.005814
3827	6263.363022	83.949521	11.266489	0.886139	21.752973
3829	6265.430625	83.977098	11.297785	0.887883	21.676451
3831	6267.498198	83.975596	11.354128	0.892217	22.257364
3833	6269.564720	83.595401	11.386481	0.894315	22.090289
3835	6271.631107	83.845581	11.427097	0.900286	21.696030
3837	6273.697976	83.914245	11.413802	0.901976	21.849706
3839	6275.764613	83.154385	11.470910	0.903709	21.378897
3841	6277.832137	83.598674	11.484902	0.906503	22.314374
3843	6279.899781	83.441258	11.534042	0.907969	22.437340
3845	6281.968493	83.475057	11.546906	0.911676	22.142985
3847	6284.037165	83.042532	11.586709	0.913707	21.504597
3849	6286.106307	83.000471	11.585615	0.916643	20.922856
3851	6288.176149	83.089014	11.595905	0.920423	20.985116
3853	6290.246774	82.577229	11.741122	0.918207	21.541794
3855	6292.317214	83.000001	11.647095	0.924788	20.726876
3857	6294.387783	81.855602	11.724682	0.923732	21.173645
3859	6296.457541	82.302823	11.717981	0.925906	21.384404
3861	6298.527976	82.317679	11.767184	0.928637	21.561286
3863	6300.596599	82.041214	11.867371	0.926632	21.170297
3865	6302.665929	81.842505	11.886715	0.929510	21.195284
3867	6304.734537	82.085156	11.920134	0.931479	20.725842
3869	6306.802539	81.781307	11.992957	0.933579	20.509456
3871	6308.870296	81.499574	11.988400	0.939336	21.018261
3873	6310.937803	81.840033	11.987167	0.941229	21.001321
3875	6313.004649	81.786716	11.996207	0.944663	20.977152
3877	6315.070934	81.574724	12.065900	0.947263	20.863958
3879	6317.137583	81.684485	12.070926	0.950404	20.335699
3881	6319.203920	81.541062	12.095393	0.950984	20.494170
3883	6321.271666	81.296616	12.113170	0.951993	20.383274
3885	6323.339147	81.366446	12.114922	0.956351	20.506708
3887	6325.407308	81.358675	12.163169	0.959235	20.245464
3889	6327.475784	81.121733	12.176978	0.961404	20.319790
3891	6329.545292	80.725838	12.240244	0.963008	20.519521
3893	6331.614806	80.844952	12.224795	0.966605	20.126204
3895	6333.684896	80.815661	12.239348	0.968476	20.455146
3897	6335.755601	80.678015	12.310940	0.969560	20.072121
3899	6337.826071	80.246170	12.301474	0.970573	20.886773
3901	6339.895706	80.303693	12.295688	0.972946	20.276858
3903	6341.965969	80.309916	12.337470	0.976370	19.905429
3905	6344.035347	79.955324	12.366003	0.976722	19.410985
3907	6346.104379	80.004334	12.369348	0.980107	20.219941
3909	6348.173063	79.772378	12.430264	0.981179	19.636459
3911	6350.241328	79.757205	12.465298	0.983111	19.869149
3913	6352.309120	79.786890	12.479229	0.986764	19.655852
3915	6354.376317	79.740908	12.531939	0.989898	19.418598
3917	6356.443302	79.831932	12.545214	0.993372	19.376908
3919	6358.510284	79.680238	12.587290	0.995450	19.715317
3921	6360.576452	80.154875	12.646151	1.003178	19.434364
3923	6362.643295	80.012375	12.595913	1.003756	19.726323
3925	6364.710314	79.015067	12.635709	1.002047	19.687446
3927	6366.778111	79.277986	12.650717	1.004529	19.688984
3929	6368.846308	79.032849	12.653770	1.006635	18.634528
3931	6370.914575	78.894240	12.719480	1.009052	18.828739
3933	6372.983754	78.695796	12.706087	1.011576	18.696271
3935	6375.053101	78.667756	12.718538	1.015620	19.555162
3937	6377.123026	78.392885	12.795051	1.017453	18.936376
3939	6379.192717	78.449627	12.726940	1.018747	19.108024
3941	6381.263431	78.213549	12.739568	1.020600	19.380490
3943	6383.333907	78.167548	12.763927	1.023599	19.399655
3945	6385.403549	78.878768	12.783315	1.031618	18.970684
3947	6387.473713	77.809915	12.838593	1.027615	19.526887
3949	6389.542531	77.882277	12.875011	1.028685	18.340641
3951	6391.611028	78.074469	12.866573	1.032319	18.795089
3953	6393.679162	77.916414	12.887657	1.036965	18.362228
3955	6395.747138	77.695835	12.915547	1.038960	18.658947
3957	6397.814425	77.862538	12.878616	1.042732	18.667190
3959	6399.881744	77.729409	12.926855	1.044841	18.539445
3961	6401.948263	77.697631	12.960301	1.046840	19.233375
3963	6404.014718	77.633864	12.952691	1.048721	19.200686
3965	6406.081275	77.523979	12.939682	1.050560	18.220737
3967	6408.148795	77.526199	13.003681	1.053644	18.664817
3969	6410.216410	77.320831	12.963790	1.055005	17.852595
3971	6412.284283	77.133001	12.969490	1.057051	17.882575
3973	6414.353074	77.104216	13.021691	1.061676	17.632898
3975	6416.422070	76.855244	13.014404	1.064308	18.488772
3977	6418.490861	76.563125	13.019583	1.065572	18.406184
3979	6420.560137	76.582315	13.021809	1.068542	18.086731
3981	6422.630718	76.501457	13.040995	1.071417	17.493465
3983	6424.700800	76.419652	13.049093	1.073710	18.502436
3985	6426.771367	76.295646	13.071733	1.077118	18.016177
3987	6428.841063	75.944528	13.017591	1.077667	18.076137
3989	6430.910705	75.825153	13.110354	1.078704	18.015451
3991	6432.979873	75.951327	13.076035	1.082524	17.454158
3993	6435.048959	75.936081	13.061030	1.085359	17.649845
3995	6437.117470	75.858530	13.136482	1.088453	17.658288
3997	6439.185211	75.958029	13.104427	1.091738	18.101657
3999	6441.252957	76.008211	13.116215	1.094142	17.718069
4001	6443.319898	75.766646	13.176852	1.096364	17.527838
4003	6445.387069	75.715506	13.155910	1.098283	17.991813
4005	6447.453505	75.744743	13.206459	1.099371	18.057333
4007	6449.520251	75.898204	13.208805	1.103706	17.885094
4009	6451.587443	75.559571	13.184799	1.104380	17.635325
4011	6453.655165	75.376733	13.175953	1.106206	17.035055
4013	6455.722898	75.315866	13.186981	1.109745	17.204178
4015	6457.790927	75.322432	13.205866	1.113307	17.024944
4017	6459.859902	74.875737	13.210914	1.113786	17.007651
4019	6461.928851	74.880096	13.211618	1.116789	17.562207
4021	6463.998779	74.784410	13.192690	1.119374	17.136646
4023	6466.068254	74.530022	13.181398	1.121886	16.810756
4025	6468.138371	74.640263	13.236395	1.124593	17.039345
4027	6470.208459	74.326816	13.201465	1.126369	17.001493
4029	6472.278914	74.341788	13.240603	1.128180	17.473970
4031	6474.348504	74.188149	13.229417	1.131567	17.207053
4033	6476.417382	74.202719	13.201650	1.134194	16.612864
4035	6478.486722	74.194250	13.216142	1.138056	16.608835
4037	6480.555343	74.091380	13.229399	1.140464	16.927071
4039	6482.623012	73.943727	13.243452	1.143319	16.766595
4041	6484.691000	73.963166	13.251342	1.144456	17.130837
4043	6486.758426	73.820263	13.234406	1.145519	16.914973
4045	6488.824524	73.804614	13.294659	1.148082	16.495920
4047	6490.891570	74.241813	13.329183	1.154257	17.475052
4049	6492.958430	74.429299	13.238139	1.156351	16.441067
4051	6495.025136	73.629060	13.295565	1.155660	17.044016
4053	6497.092379	73.510542	13.272295	1.157267	16.809683
4055	6499.160228	73.272870	13.252149	1.159933	16.691918
4057	6501.228506	73.191401	13.273642	1.161698	16.445818
4059	6503.296978	73.316508	13.262114	1.166628	16.276123
4061	6505.365885	73.401787	13.270700	1.170025	16.619192
4063	6507.435371	72.818513	13.291646	1.169465	16.216363
4065	6509.504640	72.888838	13.260140	1.173500	16.075354
4067	6511.574895	72.619351	13.250715	1.174360	16.845064
4069	6513.645190	72.840777	13.227198	1.179039	16.270243
4071	6515.714959	72.593200	13.228482	1.180814	16.038537
4073	6517.784979	72.360471	13.224800	1.180348	16.080628
4075	6519.854633	72.092017	13.252719	1.183390	16.461165
4077	6521.923205	72.342699	13.272378	1.187566	15.988297
4079	6523.991916	72.355641	13.269608	1.191340	15.899365
4081	6526.060242	72.249960	13.304051	1.193270	16.081215
4083	6528.128217	71.962586	13.295842	1.193443	16.091555
4085	6530.195285	72.013942	13.288450	1.195856	16.218251
4087	6532.262418	71.912824	13.285427	1.198589	15.801457
4089	6534.328795	72.025647	13.298245	1.203765	16.039901
4091	6536.395704	71.576243	13.336629	1.202215	15.482431
4093	6538.462576	71.817741	13.277431	1.205462	15.312518
4095	6540.529835	71.689705	13.248961	1.208147	15.416983
4097	6542.598024	71.361754	13.291741	1.210451	15.819482
4099	6544.665692	71.751041	13.254951	1.215089	15.443465
4101	6546.734335	71.452161	13.276040	1.215696	15.489872
4103	6548.802526	71.063645	13.238722	1.217276	15.743186
4105	6550.872022	71.087633	13.211850	1.219958	14.939123
4107	6552.941231	70.995573	13.202611	1.223120	15.892076
4109	6555.010957	71.073570	13.183055	1.226489	15.745762
4111	6557.081265	70.712221	13.206675	1.227212	15.024019
4113	6559.151092	70.722580	13.196093	1.229205	15.259677
4115	6561.221058	70.534544	13.162296	1.232870	15.374568
4117	6563.290647	70.567324	13.181181	1.235148	15.352536
4119	6565.359881	70.508675	13.159631	1.238056	15.300806
4121	6567.428434	70.364239	13.144942	1.239534	15.411546
4123	6569.496159	70.434196	13.156141	1.244173	15.144315
4125	6571.564605	70.195349	13.146596	1.243530	14.894840
4127	6573.632189	70.013154	13.184310	1.244578	15.567489
4129	6575.699485	70.042765	13.149152	1.249590	15.364589
4131	6577.766012	70.083779	13.153079	1.249753	15.184399
4133	6579.833211	69.902948	13.110360	1.251667	15.061676
4135	6581.899955	69.909748	13.128581	1.253968	14.597381
4137	6583.966915	69.843844	13.103998	1.256546	14.930816
4139	6586.034347	69.613999	13.108630	1.259601	14.891836
4141	6588.102221	69.868386	13.092963	1.263904	14.927834
4143	6590.170835	69.424645	13.067282	1.264486	15.178861
4145	6592.239260	69.163605	13.066441	1.265282	14.820275
4147	6594.308232	69.115672	13.009317	1.268903	14.810694
4149	6596.377712	69.036856	13.016287	1.272428	14.958775
4151	6598.447176	68.986246	12.989606	1.273864	14.549292
4153	6600.517007	68.944351	12.949851	1.275582	14.550197
4155	6602.586955	68.914903	12.918248	1.278902	14.697123
4157	6604.657271	68.730000	12.887582	1.279869	14.130674
4159	6606.726379	68.742737	12.906885	1.283419	14.742416
4161	6608.795991	68.617609	12.893069	1.285101	14.786205
4163	6610.864776	69.408973	11.484040	1.269409	14.655111
4165	6612.933212	68.473801	12.838730	1.289227	14.573760
4167	6615.001386	68.321735	12.904841	1.289962	14.966690
4169	6617.068921	68.078450	12.776875	1.288499	14.684989
4171	6619.136100	68.764877	12.832569	1.300488	14.854236
4173	6621.203179	68.158772	12.836871	1.298910	14.176071
4175	6623.270208	68.040409	12.819552	1.298376	14.323716
4177	6625.337053	68.072059	12.811807	1.301746	14.348212
4179	6627.403806	67.797359	12.788484	1.302595	14.297007
4181	6629.471653	67.888188	12.750322	1.305025	13.956992
4183	6631.539484	67.731159	12.725011	1.306671	13.742008
4185	6633.607229	67.355485	12.705748	1.309106	14.383236
4187	6635.675398	67.671682	12.677146	1.313573	13.789974
4189	6637.744367	67.550267	12.688644	1.315881	14.383424
4191	6639.813695	67.363422	12.691364	1.317460	14.150126
4193	6641.882653	67.317089	12.612378	1.321105	14.299964
4195	6643.953008	67.123094	12.612993	1.321986	13.949353
4197	6646.022229	67.034211	12.603121	1.324742	13.960258
4199	6648.092273	66.965093	12.589727	1.326138	14.023370
4201	6650.162186	66.760929	12.568596	1.327189	14.349934
4203	6652.231525	66.917108	12.550239	1.331550	13.664856
4205	6654.300494	66.666287	12.543764	1.332558	13.814653
4207	6656.369199	66.828304	12.535908	1.335966	13.659049
4209	6658.436936	66.597493	12.545141	1.339414	14.035934
4211	6660.505400	66.639690	12.535796	1.340098	13.831360
4213	6662.572494	66.496465	12.467763	1.341134	13.768940
4215	6664.639410	66.375442	12.448058	1.343220	13.768618
4217	6666.706382	66.320568	12.400134	1.343316	13.840558
4219	6668.773323	66.484257	12.392004	1.347478	14.088943
4221	6670.840686	66.334070	12.368506	1.348825	13.813121
4223	6672.907144	66.284740	12.348658	1.350806	13.815622
4225	6674.975617	66.037353	12.317017	1.352392	13.304261
4227	6677.042903	65.973890	12.298086	1.354279	13.614981
4229	6679.111446	65.822366	12.246116	1.356294	13.387263
4231	6681.179985	66.003586	12.188612	1.361488	13.107411
4233	6683.249119	65.729436	12.176682	1.361003	13.700623
4235	6685.317945	65.796019	12.191651	1.366823	13.586023
4237	6687.387643	65.520180	12.099784	1.366119	13.624913
4239	6689.457034	65.137281	12.105447	1.365799	13.749482
4241	6691.527059	65.262519	12.051694	1.370169	13.403781
4243	6693.596875	65.220856	12.057288	1.372280	13.804400
4245	6695.666590	65.022294	12.028211	1.373756	13.456948
4247	6697.734926	64.998200	12.001065	1.376458	13.446561
4249	6699.804669	65.075996	11.943863	1.380853	13.519245
4251	6701.872780	64.821679	11.949738	1.379200	13.473958
4253	6703.940256	64.813160	11.963530	1.383082	13.493366
4255	6706.008197	64.833812	11.899307	1.384614	13.460903
4257	6708.074964	64.760949	11.856519	1.385763	13.322870
4259	6710.142092	64.719694	11.865288	1.387227	13.082370
4261	6712.209170	64.560779	11.826222	1.388504	13.755213
4263	6714.276127	64.441012	11.816923	1.390068	13.052548
4265	6716.343390	64.365927	11.796293	1.392842	13.054012
4267	6718.410808	64.359566	11.738171	1.393744	12.933449
4269	6720.478785	64.562952	11.758002	1.400602	12.512653
4271	6722.546772	64.259570	11.729589	1.400363	12.985449
4273	6724.615468	64.134608	11.690382	1.401373	13.158714
4275	6726.684122	64.008679	11.661034	1.403135	13.468795
4277	6728.752803	63.828356	11.635979	1.404535	13.004141
4279	6730.821952	63.673313	11.598275	1.405806	13.066903
4281	6732.892021	63.777528	11.548773	1.409406	12.760246
4283	6734.961312	63.552515	11.547479	1.410179	12.826932
4285	6737.031364	63.655063	11.519535	1.413979	13.012406
4287	6739.101092	63.464370	11.468537	1.413960	12.849557
4289	6741.169789	63.428941	11.461794	1.417702	12.885668
4291	6743.238688	63.359789	11.434142	1.417717	13.178640
4293	6745.307393	63.329288	11.424255	1.421358	12.249963
4295	6747.375619	63.181208	11.393572	1.420840	12.356434
4297	6749.443148	63.258062	11.401427	1.424141	12.912344
4299	6751.510479	63.140517	11.340367	1.424611	12.705372
4301	6753.577431	63.280246	11.290255	1.429574	12.892737
4303	6755.644153	63.019877	11.291634	1.427757	12.973279
4305	6757.711715	63.087336	11.295659	1.432230	12.295038
4307	6759.778461	62.784413	11.241689	1.430211	12.410340
4309	6761.846322	62.659488	11.197853	1.432134	12.577025
4311	6763.913721	62.639129	11.176762	1.434446	12.380392
4313	6765.982128	62.669065	11.159329	1.437293	12.346126
4315	6768.049988	62.521472	11.133384	1.439837	12.574293
4317	6770.118591	62.277589	11.075283	1.440129	12.520728
4319	6772.187649	62.176987	11.041089	1.441904	12.476460
4321	6774.256438	62.231976	10.994189	1.445246	12.152742
4323	6776.326022	62.062993	10.979609	1.446252	12.521280
4325	6778.395527	61.890075	10.941777	1.447087	12.497888
4327	6780.465548	61.805469	10.932193	1.450419	12.493597
4329	6782.535153	61.901995	10.905464	1.449132	11.770224
4331	6784.603569	61.833585	10.836740	1.454436	12.138711
4333	6786.672727	61.658277	10.824224	1.452175	12.341515
4335	6788.742202	61.659935	10.800227	1.457422	12.673151
4337	6790.809618	61.644678	10.768237	1.459337	12.014568
4339	6792.877739	61.840570	10.727826	1.464819	11.995780
4341	6794.944583	61.535418	10.727542	1.462233	12.156347
4343	6797.012132	61.586426	10.697839	1.464877	12.218621
4345	6799.078894	61.585607	10.635753	1.466376	11.974009
4347	6801.146010	61.448474	10.631827	1.466543	12.075007
4349	6803.213018	61.452318	10.630635	1.469419	12.087638
4351	6805.280653	61.257731	10.574582	1.470409	11.819327
4353	6807.348218	61.233889	10.508255	1.472385	11.925971
4355	6809.416044	61.105831	10.511509	1.474103	11.850793
4357	6811.485112	60.916020	10.478052	1.475451	11.996563
4359	6813.553121	60.893714	10.425580	1.477538	11.819924
4361	6815.621674	60.940945	10.416369	1.481588	11.692199
4363	6817.690735	60.628811	10.396735	1.480364	11.853667
4365	6819.760277	60.537116	10.334327	1.481192	11.687255
4367	6821.829276	60.467987	10.267693	1.483790	11.235757
4369	6823.898727	60.477854	10.259083	1.487063	11.837696
4371	6825.967871	60.428097	10.215695	1.488664	11.825345
4373	6828.037464	60.327878	10.215721	1.486868	11.740682
4375	6830.106634	60.303084	10.155736	1.491229	11.868268
4377	6832.175166	60.310021	10.108652	1.494473	11.756896
4379	6834.243454	60.411114	10.079042	1.498711	11.417363
4381	6836.311103	60.075740	10.033187	1.494351	11.771469
4383	6838.378552	59.908764	10.045436	1.494835	11.403616
4385	6840.445899	60.142173	9.999145	1.499352	11.420922
4387	6842.513119	60.073144	9.972858	1.500805	11.821604
4389	6844.580001	59.955038	9.918234	1.500281	11.638195
4391	6846.646679	59.899684	9.906589	1.501459	11.537134
4393	6848.714776	59.683281	9.881631	1.502851	11.135856
4395	6850.781973	59.675005	9.845401	1.504675	11.030494
4397	6852.849818	59.692591	9.785263	1.507257	11.351878
4399	6854.917655	59.505818	9.767234	1.507675	11.353174
4401	6856.986342	59.463169	9.716110	1.510455	11.470875
4403	6859.055055	59.153685	9.664261	1.508841	11.323161
4405	6861.123940	59.194437	9.639514	1.512330	11.023232
4407	6863.192470	59.144301	9.630832	1.516165	11.236933
4409	6865.262145	59.212143	9.541106	1.517348	11.348388
4411	6867.331139	58.976525	9.516353	1.518397	11.167087
4413	6869.400780	58.725895	9.500697	1.517270	11.071950
4415	6871.470044	58.990459	9.441052	1.522708	11.660668
4417	6873.539680	58.671341	9.397506	1.520565	11.623228
4419	6875.607542	58.699659	9.395344	1.522857	11.269261
4421	6877.675836	58.638019	9.337191	1.524027	11.390195
4423	6879.744475	58.652482	9.300686	1.526532	11.250543
4425	6881.811337	58.620713	9.245851	1.528332	11.167519
4427	6883.878657	58.576534	9.237600	1.529527	11.070108
4429	6885.946290	58.793981	9.161855	1.533640	11.237537
4431	6888.013271	58.510481	9.182580	1.532999	11.160943
4433	6890.079961	58.713895	9.104166	1.538793	11.056960
4435	6892.147239	58.493254	9.135328	1.537091	11.049734
4437	6894.214766	58.244286	9.054335	1.536373	10.546213
4439	6896.282612	58.073638	9.045182	1.536006	11.043266
4441	6898.350824	58.068868	8.987183	1.537518	10.735839
4443	6900.418973	58.435864	8.958707	1.545285	10.883577
4445	6902.486879	57.870308	8.908461	1.541379	10.888658
4447	6904.555828	57.762405	8.827529	1.542757	10.614551
4449	6906.624750	57.554929	8.853637	1.542963	10.818982
4451	6908.694208	57.562122	8.768891	1.545341	10.789848
4453	6910.762867	57.651925	8.706320	1.548520	10.625961
4455	6912.831916	57.686758	8.694342	1.552356	10.537084
4457	6914.902372	57.410248	8.656661	1.549271	10.656862
4459	6916.971235	57.437295	8.602245	1.552479	10.768086
4461	6919.039564	57.537933	8.555587	1.556144	10.704741
4463	6921.107900	57.211297	8.495988	1.553312	10.841003
4465	6923.175885	57.417313	8.478944	1.559128	10.717033
4467	6925.243356	57.207243	8.427300	1.555700	10.642087
4469	6927.311276	57.316863	8.414696	1.558419	10.616517
4471	6929.378384	57.205044	8.365769	1.559187	10.679616
4473	6931.445185	57.195096	8.348113	1.561490	10.468430
4475	6933.511771	56.997373	8.293588	1.559813	10.508852
4477	6935.580061	57.081622	8.255654	1.562977	10.606442
4479	6937.647244	56.869352	8.223565	1.562823	10.199408
4481	6939.714455	56.771712	8.153224	1.563883	10.278288
4483	6941.782836	56.995696	8.173640	1.569958	10.437832
4485	6943.850929	56.935558	8.117315	1.571960	10.424431
4487	6945.919029	56.542029	8.039578	1.568717	10.448340
4489	6947.987626	56.401661	8.017590	1.570592	10.604165
