crossing time (s)	slope (V/s)	crossing number
281474976710655.000000	47.340157	3272	0.000000
281474976710655.000000	44.771690	3273	0.000000
281474976710655.000000	47.298538	3274	0.000000
281474976710655.000000	61.788826	3275	0.000000
281474976710655.000000	63.981621	3276	0.000000
281474976710655.000000	39.490551	3277	0.000000
281474976710655.000000	47.863804	3278	0.000000
281474976710655.000000	35.991657	3279	0.000000
281474976710655.000000	63.963856	3280	0.000000
281474976710655.000000	39.393707	3281	0.000000
281474976710655.000000	36.334969	3282	0.000000
281474976710655.000000	63.391636	3283	0.000000
281474976710655.000000	46.134861	3284	0.000000
281474976710655.000000	38.715855	3285	0.000000
281474976710655.000000	40.555874	3286	0.000000
281474976710655.000000	51.662457	3287	0.000000
281474976710655.000000	63.237682	3288	0.000000
281474976710655.000000	38.456379	3289	0.000000
281474976710655.000000	46.277027	3290	0.000000
281474976710655.000000	45.915245	3291	0.000000
281474976710655.000000	57.023518	3292	0.000000
281474976710655.000000	46.420292	3293	0.000000
281474976710655.000000	46.381542	3294	0.000000
281474976710655.000000	38.412121	3295	0.000000
281474976710655.000000	38.142944	3296	0.000000
281474976710655.000000	45.578938	3297	0.000000
281474976710655.000000	40.896271	3298	0.000000
281474976710655.000000	30.753555	3299	0.000000
281474976710655.000000	39.793152	3300	0.000000
281474976710655.000000	45.139133	3301	0.000000
281474976710655.000000	45.571087	3302	0.000000
281474976710655.000000	39.342510	3303	0.000000
281474976710655.000000	45.474220	3304	0.000000
281474976710655.000000	42.551044	3305	0.000000
281474976710655.000000	45.561813	3306	0.000000
281474976710655.000000	43.875744	3307	0.000000
281474976710655.000000	49.775936	3308	0.000000
281474976710655.000000	45.988091	3309	0.000000
281474976710655.000000	44.891022	3310	0.000000
281474976710655.000000	44.443317	3311	0.000000
281474976710655.000000	34.801769	3312	0.000000
281474976710655.000000	44.465458	3313	0.000000
281474976710655.000000	39.229252	3314	0.000000
281474976710655.000000	44.579906	3315	0.000000
281474976710655.000000	41.943768	3316	0.000000
281474976710655.000000	42.377670	3317	0.000000
281474976710655.000000	44.528767	3318	0.000000
281474976710655.000000	44.391987	3319	0.000000
281474976710655.000000	44.121033	3320	0.000000
281474976710655.000000	46.466335	3321	0.000000
281474976710655.000000	43.752659	3322	0.000000
281474976710655.000000	44.079014	3323	0.000000
281474976710655.000000	36.672188	3324	0.000000
281474976710655.000000	43.449520	3325	0.000000
281474976710655.000000	42.380547	3326	0.000000
281474976710655.000000	42.286125	3327	0.000000
281474976710655.000000	45.096252	3328	0.000000
281474976710655.000000	43.783871	3329	0.000000
281474976710655.000000	43.886616	3330	0.000000
281474976710655.000000	38.288002	3331	0.000000
281474976710655.000000	43.313877	3332	0.000000
281474976710655.000000	44.360855	3333	0.000000
281474976710655.000000	41.744389	3334	0.000000
281474976710655.000000	53.167934	3335	0.000000
281474976710655.000000	41.419586	3336	0.000000
281474976710655.000000	42.570343	3337	0.000000
281474976710655.000000	35.707668	3338	0.000000
281474976710655.000000	40.676102	3339	0.000000
281474976710655.000000	40.467007	3340	0.000000
281474976710655.000000	35.782143	3341	0.000000
281474976710655.000000	40.880180	3342	0.000000
281474976710655.000000	35.591408	3343	0.000000
281474976710655.000000	47.668282	3344	0.000000
281474976710655.000000	35.303772	3345	0.000000
281474976710655.000000	44.593693	3346	0.000000
281474976710655.000000	42.490681	3347	0.000000
281474976710655.000000	42.558853	3348	0.000000
281474976710655.000000	35.083778	3349	0.000000
281474976710655.000000	42.417580	3350	0.000000
281474976710655.000000	34.858753	3351	0.000000
281474976710655.000000	37.032574	3352	0.000000
281474976710655.000000	36.405403	3353	0.000000
281474976710655.000000	42.712944	3354	0.000000
281474976710655.000000	41.945141	3355	0.000000
281474976710655.000000	46.934711	3356	0.000000
281474976710655.000000	42.891388	3357	0.000000
281474976710655.000000	35.187893	3358	0.000000
281474976710655.000000	42.687290	3359	0.000000
281474976710655.000000	44.331276	3360	0.000000
281474976710655.000000	43.018494	3361	0.000000
281474976710655.000000	34.871361	3362	0.000000
281474976710655.000000	42.260994	3363	0.000000
281474976710655.000000	46.189613	3364	0.000000
281474976710655.000000	42.460293	3365	0.000000
281474976710655.000000	39.550575	3366	0.000000
281474976710655.000000	36.304310	3367	0.000000
281474976710655.000000	51.325306	3368	0.000000
281474976710655.000000	39.426003	3369	0.000000
281474976710655.000000	34.381943	3370	0.000000
281474976710655.000000	43.833118	3371	0.000000
281474976710655.000000	38.831821	3372	0.000000
281474976710655.000000	40.836094	3373	0.000000
281474976710655.000000	45.007572	3374	0.000000
281474976710655.000000	33.938400	3375	0.000000
281474976710655.000000	39.798862	3376	0.000000
281474976710655.000000	38.246704	3377	0.000000
281474976710655.000000	38.757263	3378	0.000000
281474976710655.000000	33.947205	3379	0.000000
281474976710655.000000	41.872936	3380	0.000000
281474976710655.000000	40.350624	3381	0.000000
281474976710655.000000	40.423637	3382	0.000000
281474976710655.000000	35.820465	3383	0.000000
281474976710655.000000	40.285385	3384	0.000000
281474976710655.000000	38.334499	3385	0.000000
281474976710655.000000	45.080017	3386	0.000000
281474976710655.000000	33.382660	3387	0.000000
281474976710655.000000	33.715996	3388	0.000000
281474976710655.000000	39.122959	3389	0.000000
281474976710655.000000	40.199661	3390	0.000000
281474976710655.000000	37.728264	3391	0.000000
281474976710655.000000	41.122528	3392	0.000000
281474976710655.000000	41.120834	3393	0.000000
281474976710655.000000	40.980598	3394	0.000000
281474976710655.000000	40.983723	3395	0.000000
281474976710655.000000	35.795765	3396	0.000000
281474976710655.000000	39.633083	3397	0.000000
281474976710655.000000	39.465149	3398	0.000000
281474976710655.000000	38.957027	3399	0.000000
281474976710655.000000	44.083855	3400	0.000000
281474976710655.000000	46.066158	3401	0.000000
281474976710655.000000	36.474564	3402	0.000000
281474976710655.000000	36.895535	3403	0.000000
281474976710655.000000	34.730877	3404	0.000000
281474976710655.000000	34.862659	3405	0.000000
281474976710655.000000	33.999653	3406	0.000000
281474976710655.000000	36.820553	3407	0.000000
281474976710655.000000	40.460842	3408	0.000000
281474976710655.000000	48.513676	3409	0.000000
281474976710655.000000	40.017483	3410	0.000000
281474976710655.000000	34.083889	3411	0.000000
281474976710655.000000	40.173180	3412	0.000000
281474976710655.000000	39.179714	3413	0.000000
281474976710655.000000	41.062115	3414	0.000000
281474976710655.000000	37.131931	3415	0.000000
281474976710655.000000	32.492519	3416	0.000000
281474976710655.000000	38.749207	3417	0.000000
281474976710655.000000	40.305099	3418	0.000000
281474976710655.000000	42.700081	3419	0.000000
281474976710655.000000	33.724270	3420	0.000000
281474976710655.000000	33.341156	3421	0.000000
281474976710655.000000	39.201477	3422	0.000000
281474976710655.000000	36.170563	3423	0.000000
281474976710655.000000	38.523247	3424	0.000000
281474976710655.000000	37.746105	3425	0.000000
281474976710655.000000	31.587057	3426	0.000000
281474976710655.000000	41.525463	3427	0.000000
281474976710655.000000	39.379395	3428	0.000000
281474976710655.000000	31.447287	3429	0.000000
281474976710655.000000	33.368774	3430	0.000000
281474976710655.000000	37.492355	3431	0.000000
281474976710655.000000	35.045300	3432	0.000000
281474976710655.000000	32.687481	3433	0.000000
281474976710655.000000	35.418377	3434	0.000000
281474976710655.000000	35.390980	3435	0.000000
281474976710655.000000	37.819248	3436	0.000000
281474976710655.000000	39.194923	3437	0.000000
281474976710655.000000	37.598927	3438	0.000000
281474976710655.000000	37.302799	3439	0.000000
281474976710655.000000	40.990364	3440	0.000000
281474976710655.000000	36.847069	3441	0.000000
281474976710655.000000	35.490047	3442	0.000000
281474976710655.000000	37.443054	3443	0.000000
281474976710655.000000	37.247940	3444	0.000000
281474976710655.000000	36.870075	3445	0.000000
281474976710655.000000	35.693302	3446	0.000000
281474976710655.000000	34.815681	3447	0.000000
281474976710655.000000	36.702011	3448	0.000000
281474976710655.000000	38.374062	3449	0.000000
281474976710655.000000	34.386497	3450	0.000000
281474976710655.000000	36.857285	3451	0.000000
281474976710655.000000	40.085369	3452	0.000000
281474976710655.000000	36.891609	3453	0.000000
281474976710655.000000	45.313351	3454	0.000000
281474976710655.000000	36.636387	3455	0.000000
281474976710655.000000	34.431576	3456	0.000000
281474976710655.000000	35.962193	3457	0.000000
281474976710655.000000	36.876114	3458	0.000000
281474976710655.000000	37.825691	3459	0.000000
281474976710655.000000	37.302479	3460	0.000000
281474976710655.000000	30.358007	3461	0.000000
281474976710655.000000	45.040874	3462	0.000000
281474976710655.000000	31.705769	3463	0.000000
281474976710655.000000	38.011353	3464	0.000000
281474976710655.000000	37.501961	3465	0.000000
281474976710655.000000	37.533230	3466	0.000000
281474976710655.000000	34.106632	3467	0.000000
281474976710655.000000	32.301968	3468	0.000000
281474976710655.000000	35.732529	3469	0.000000
281474976710655.000000	33.531620	3470	0.000000
281474976710655.000000	35.325214	3471	0.000000
281474976710655.000000	35.661060	3472	0.000000
281474976710655.000000	33.453243	3473	0.000000
281474976710655.000000	41.918411	3474	0.000000
281474976710655.000000	35.183220	3475	0.000000
281474976710655.000000	35.419205	3476	0.000000
281474976710655.000000	29.406805	3477	0.000000
281474976710655.000000	35.259071	3478	0.000000
281474976710655.000000	35.688705	3479	0.000000
281474976710655.000000	34.906685	3480	0.000000
281474976710655.000000	35.374542	3481	0.000000
281474976710655.000000	31.241377	3482	0.000000
281474976710655.000000	38.522793	3483	0.000000
281474976710655.000000	30.761246	3484	0.000000
281474976710655.000000	38.347404	3485	0.000000
281474976710655.000000	35.306660	3486	0.000000
281474976710655.000000	30.483732	3487	0.000000
281474976710655.000000	39.009193	3488	0.000000
281474976710655.000000	34.923035	3489	0.000000
281474976710655.000000	32.879459	3490	0.000000
281474976710655.000000	28.961720	3491	0.000000
281474976710655.000000	35.131523	3492	0.000000
281474976710655.000000	37.876270	3493	0.000000
281474976710655.000000	36.134159	3494	0.000000
281474976710655.000000	34.989124	3495	0.000000
281474976710655.000000	32.853020	3496	0.000000
281474976710655.000000	32.215797	3497	0.000000
281474976710655.000000	34.778656	3498	0.000000
281474976710655.000000	35.591526	3499	0.000000
281474976710655.000000	37.737877	3500	0.000000
281474976710655.000000	32.295322	3501	0.000000
281474976710655.000000	35.706345	3502	0.000000
281474976710655.000000	34.638000	3503	0.000000
281474976710655.000000	33.975178	3504	0.000000
281474976710655.000000	30.962337	3505	0.000000
281474976710655.000000	38.690369	3506	0.000000
281474976710655.000000	40.176243	3507	0.000000
281474976710655.000000	39.675068	3508	0.000000
281474976710655.000000	37.310558	3509	0.000000
281474976710655.000000	37.193451	3510	0.000000
281474976710655.000000	37.049931	3511	0.000000
281474976710655.000000	39.774326	3512	0.000000
281474976710655.000000	37.154804	3513	0.000000
281474976710655.000000	33.836033	3514	0.000000
281474976710655.000000	36.172089	3515	0.000000
281474976710655.000000	37.040386	3516	0.000000
281474976710655.000000	33.457066	3517	0.000000
281474976710655.000000	31.280508	3518	0.000000
281474976710655.000000	33.210152	3519	0.000000
281474976710655.000000	29.288551	3520	0.000000
281474976710655.000000	33.583000	3521	0.000000
281474976710655.000000	31.629904	3522	0.000000
281474976710655.000000	28.917751	3523	0.000000
281474976710655.000000	31.564112	3524	0.000000
281474976710655.000000	29.391281	3525	0.000000
281474976710655.000000	33.189396	3526	0.000000
281474976710655.000000	33.169308	3527	0.000000
281474976710655.000000	33.036449	3528	0.000000
281474976710655.000000	32.874142	3529	0.000000
281474976710655.000000	36.329720	3530	0.000000
281474976710655.000000	31.348013	3531	0.000000
281474976710655.000000	34.707912	3532	0.000000
281474976710655.000000	29.606573	3533	0.000000
281474976710655.000000	33.417858	3534	0.000000
281474976710655.000000	29.722298	3535	0.000000
281474976710655.000000	31.058243	3536	0.000000
281474976710655.000000	32.506721	3537	0.000000
281474976710655.000000	33.261299	3538	0.000000
281474976710655.000000	33.587006	3539	0.000000
281474976710655.000000	34.244373	3540	0.000000
281474976710655.000000	30.942192	3541	0.000000
281474976710655.000000	30.213959	3542	0.000000
281474976710655.000000	35.816544	3543	0.000000
281474976710655.000000	33.102589	3544	0.000000
281474976710655.000000	37.951149	3545	0.000000
281474976710655.000000	34.240517	3546	0.000000
281474976710655.000000	36.216625	3547	0.000000
281474976710655.000000	32.240623	3548	0.000000
281474976710655.000000	33.625771	3549	0.000000
281474976710655.000000	29.618172	3550	0.000000
281474976710655.000000	33.482239	3551	0.000000
281474976710655.000000	32.421757	3552	0.000000
281474976710655.000000	36.382526	3553	0.000000
281474976710655.000000	31.593424	3554	0.000000
281474976710655.000000	29.345278	3555	0.000000
281474976710655.000000	31.242266	3556	0.000000
281474976710655.000000	29.358521	3557	0.000000
281474976710655.000000	35.802841	3558	0.000000
281474976710655.000000	28.987482	3559	0.000000
281474976710655.000000	29.501778	3560	0.000000
281474976710655.000000	28.860699	3561	0.000000
281474976710655.000000	25.416704	3562	0.000000
281474976710655.000000	32.381855	3563	0.000000
281474976710655.000000	31.961599	3564	0.000000
281474976710655.000000	28.684591	3565	0.000000
281474976710655.000000	34.713070	3566	0.000000
281474976710655.000000	32.609692	3567	0.000000
281474976710655.000000	27.047318	3568	0.000000
281474976710655.000000	30.584574	3569	0.000000
281474976710655.000000	33.781841	3570	0.000000
281474976710655.000000	31.888189	3571	0.000000
281474976710655.000000	31.127983	3572	0.000000
281474976710655.000000	33.947639	3573	0.000000
281474976710655.000000	32.857376	3574	0.000000
281474976710655.000000	31.898825	3575	0.000000
281474976710655.000000	32.480278	3576	0.000000
281474976710655.000000	28.889139	3577	0.000000
281474976710655.000000	30.430557	3578	0.000000
281474976710655.000000	29.366552	3579	0.000000
281474976710655.000000	31.998518	3580	0.000000
281474976710655.000000	31.149740	3581	0.000000
281474976710655.000000	28.799622	3582	0.000000
281474976710655.000000	28.921488	3583	0.000000
281474976710655.000000	36.305157	3584	0.000000
281474976710655.000000	30.097626	3585	0.000000
281474976710655.000000	29.486595	3586	0.000000
281474976710655.000000	32.924397	3587	0.000000
281474976710655.000000	30.654825	3588	0.000000
281474976710655.000000	28.458017	3589	0.000000
281474976710655.000000	31.780304	3590	0.000000
281474976710655.000000	28.278711	3591	0.000000
281474976710655.000000	30.394161	3592	0.000000
281474976710655.000000	25.417023	3593	0.000000
281474976710655.000000	27.724182	3594	0.000000
281474976710655.000000	33.646812	3595	0.000000
281474976710655.000000	30.625158	3596	0.000000
281474976710655.000000	33.421021	3597	0.000000
281474976710655.000000	36.815033	3598	0.000000
281474976710655.000000	30.274780	3599	0.000000
281474976710655.000000	30.891155	3600	0.000000
281474976710655.000000	31.248943	3601	0.000000
281474976710655.000000	29.794468	3602	0.000000
281474976710655.000000	28.536432	3603	0.000000
281474976710655.000000	29.351059	3604	0.000000
281474976710655.000000	28.170527	3605	0.000000
281474976710655.000000	29.427437	3606	0.000000
281474976710655.000000	28.689318	3607	0.000000
281474976710655.000000	29.753738	3608	0.000000
281474976710655.000000	29.699177	3609	0.000000
281474976710655.000000	30.042870	3610	0.000000
281474976710655.000000	30.820581	3611	0.000000
281474976710655.000000	27.662098	3612	0.000000
281474976710655.000000	33.332436	3613	0.000000
281474976710655.000000	32.606102	3614	0.000000
281474976710655.000000	29.357512	3615	0.000000
281474976710655.000000	29.461578	3616	0.000000
281474976710655.000000	30.679916	3617	0.000000
281474976710655.000000	28.176006	3618	0.000000
281474976710655.000000	32.187599	3619	0.000000
281474976710655.000000	27.808796	3620	0.000000
281474976710655.000000	28.983595	3621	0.000000
281474976710655.000000	29.138317	3622	0.000000
281474976710655.000000	26.065386	3623	0.000000
281474976710655.000000	31.239275	3624	0.000000
281474976710655.000000	29.264090	3625	0.000000
281474976710655.000000	30.564316	3626	0.000000
281474976710655.000000	29.253473	3627	0.000000
281474976710655.000000	28.766262	3628	0.000000
281474976710655.000000	27.339579	3629	0.000000
281474976710655.000000	30.330189	3630	0.000000
281474976710655.000000	28.793907	3631	0.000000
281474976710655.000000	26.584164	3632	0.000000
281474976710655.000000	28.467190	3633	0.000000
281474976710655.000000	28.258255	3634	0.000000
281474976710655.000000	29.611973	3635	0.000000
281474976710655.000000	28.841848	3636	0.000000
281474976710655.000000	28.703014	3637	0.000000
281474976710655.000000	26.034260	3638	0.000000
281474976710655.000000	27.138624	3639	0.000000
281474976710655.000000	28.714493	3640	0.000000
281474976710655.000000	28.141239	3641	0.000000
281474976710655.000000	28.600922	3642	0.000000
281474976710655.000000	26.736036	3643	0.000000
281474976710655.000000	28.812267	3644	0.000000
281474976710655.000000	27.923822	3645	0.000000
281474976710655.000000	27.356581	3646	0.000000
281474976710655.000000	28.184916	3647	0.000000
281474976710655.000000	27.626799	3648	0.000000
281474976710655.000000	28.445761	3649	0.000000
281474976710655.000000	26.219465	3650	0.000000
281474976710655.000000	28.945871	3651	0.000000
281474976710655.000000	28.563416	3652	0.000000
281474976710655.000000	28.205564	3653	0.000000
281474976710655.000000	27.633362	3654	0.000000
281474976710655.000000	27.950258	3655	0.000000
281474976710655.000000	27.370449	3656	0.000000
281474976710655.000000	30.457180	3657	0.000000
281474976710655.000000	28.000881	3658	0.000000
281474976710655.000000	27.727863	3659	0.000000
281474976710655.000000	26.099390	3660	0.000000
281474976710655.000000	26.528885	3661	0.000000
281474976710655.000000	26.716227	3662	0.000000
281474976710655.000000	28.398172	3663	0.000000
281474976710655.000000	27.851164	3664	0.000000
281474976710655.000000	26.978880	3665	0.000000
281474976710655.000000	26.026613	3666	0.000000
281474976710655.000000	25.903009	3667	0.000000
281474976710655.000000	27.190798	3668	0.000000
281474976710655.000000	25.542610	3669	0.000000
281474976710655.000000	29.096159	3670	0.000000
281474976710655.000000	26.829645	3671	0.000000
281474976710655.000000	27.578547	3672	0.000000
281474976710655.000000	27.290218	3673	0.000000
281474976710655.000000	28.382933	3674	0.000000
281474976710655.000000	25.763996	3675	0.000000
281474976710655.000000	26.744314	3676	0.000000
281474976710655.000000	23.549576	3677	0.000000
281474976710655.000000	28.431692	3678	0.000000
281474976710655.000000	28.321947	3679	0.000000
281474976710655.000000	25.262903	3680	0.000000
281474976710655.000000	29.840147	3681	0.000000
281474976710655.000000	27.235023	3682	0.000000
281474976710655.000000	28.114580	3683	0.000000
281474976710655.000000	24.799643	3684	0.000000
281474976710655.000000	25.195971	3685	0.000000
281474976710655.000000	28.216366	3686	0.000000
281474976710655.000000	27.890429	3687	0.000000
281474976710655.000000	29.319530	3688	0.000000
281474976710655.000000	26.695383	3689	0.000000
281474976710655.000000	27.401979	3690	0.000000
281474976710655.000000	27.106596	3691	0.000000
281474976710655.000000	27.415699	3692	0.000000
281474976710655.000000	27.310858	3693	0.000000
281474976710655.000000	25.891455	3694	0.000000
281474976710655.000000	26.034025	3695	0.000000
281474976710655.000000	27.463940	3696	0.000000
281474976710655.000000	24.904440	3697	0.000000
281474976710655.000000	24.633909	3698	0.000000
281474976710655.000000	25.469522	3699	0.000000
281474976710655.000000	24.794729	3700	0.000000
281474976710655.000000	27.682302	3701	0.000000
281474976710655.000000	26.992174	3702	0.000000
281474976710655.000000	24.626766	3703	0.000000
281474976710655.000000	25.828066	3704	0.000000
281474976710655.000000	26.095692	3705	0.000000
281474976710655.000000	27.686485	3706	0.000000
281474976710655.000000	24.686470	3707	0.000000
281474976710655.000000	26.704536	3708	0.000000
281474976710655.000000	24.012415	3709	0.000000
281474976710655.000000	26.023907	3710	0.000000
281474976710655.000000	24.272844	3711	0.000000
281474976710655.000000	24.358881	3712	0.000000
281474976710655.000000	25.366343	3713	0.000000
281474976710655.000000	24.492010	3714	0.000000
281474976710655.000000	26.831457	3715	0.000000
281474976710655.000000	23.988899	3716	0.000000
281474976710655.000000	25.920029	3717	0.000000
281474976710655.000000	26.085470	3718	0.000000
281474976710655.000000	25.448982	3719	0.000000
281474976710655.000000	27.253763	3720	0.000000
281474976710655.000000	23.838354	3721	0.000000
281474976710655.000000	27.868111	3722	0.000000
281474976710655.000000	25.365337	3723	0.000000
281474976710655.000000	27.074167	3724	0.000000
281474976710655.000000	25.044918	3725	0.000000
281474976710655.000000	26.535406	3726	0.000000
281474976710655.000000	25.942629	3727	0.000000
281474976710655.000000	25.657349	3728	0.000000
281474976710655.000000	21.834732	3729	0.000000
281474976710655.000000	25.707178	3730	0.000000
281474976710655.000000	23.860104	3731	0.000000
281474976710655.000000	26.789721	3732	0.000000
281474976710655.000000	26.536753	3733	0.000000
281474976710655.000000	24.814405	3734	0.000000
281474976710655.000000	26.056454	3735	0.000000
281474976710655.000000	24.710291	3736	0.000000
281474976710655.000000	26.543615	3737	0.000000
281474976710655.000000	25.906303	3738	0.000000
281474976710655.000000	23.949753	3739	0.000000
281474976710655.000000	26.292229	3740	0.000000
281474976710655.000000	24.294510	3741	0.000000
281474976710655.000000	27.384497	3742	0.000000
281474976710655.000000	25.980896	3743	0.000000
281474976710655.000000	24.687727	3744	0.000000
281474976710655.000000	26.839588	3745	0.000000
281474976710655.000000	26.102781	3746	0.000000
281474976710655.000000	23.631607	3747	0.000000
281474976710655.000000	25.163877	3748	0.000000
281474976710655.000000	24.656120	3749	0.000000
281474976710655.000000	26.357973	3750	0.000000
281474976710655.000000	23.294054	3751	0.000000
281474976710655.000000	25.901693	3752	0.000000
281474976710655.000000	24.258215	3753	0.000000
281474976710655.000000	24.230133	3754	0.000000
281474976710655.000000	23.997652	3755	0.000000
281474976710655.000000	23.614954	3756	0.000000
281474976710655.000000	24.274862	3757	0.000000
281474976710655.000000	24.009525	3758	0.000000
281474976710655.000000	23.731569	3759	0.000000
281474976710655.000000	23.968643	3760	0.000000
281474976710655.000000	23.782738	3761	0.000000
281474976710655.000000	23.625872	3762	0.000000
281474976710655.000000	23.616220	3763	0.000000
281474976710655.000000	22.660879	3764	0.000000
281474976710655.000000	22.975410	3765	0.000000
281474976710655.000000	22.969980	3766	0.000000
281474976710655.000000	25.071306	3767	0.000000
281474976710655.000000	22.476778	3768	0.000000
281474976710655.000000	23.019751	3769	0.000000
281474976710655.000000	24.953058	3770	0.000000
281474976710655.000000	25.147652	3771	0.000000
281474976710655.000000	24.451918	3772	0.000000
281474976710655.000000	24.215046	3773	0.000000
281474976710655.000000	23.854019	3774	0.000000
281474976710655.000000	23.989714	3775	0.000000
281474976710655.000000	23.126186	3776	0.000000
281474976710655.000000	23.109661	3777	0.000000
281474976710655.000000	23.976562	3778	0.000000
281474976710655.000000	25.064278	3779	0.000000
281474976710655.000000	24.023808	3780	0.000000
281474976710655.000000	24.930765	3781	0.000000
281474976710655.000000	22.140236	3782	0.000000
281474976710655.000000	23.133884	3783	0.000000
281474976710655.000000	23.910364	3784	0.000000
281474976710655.000000	22.075178	3785	0.000000
281474976710655.000000	24.686340	3786	0.000000
281474976710655.000000	24.683603	3787	0.000000
281474976710655.000000	23.199562	3788	0.000000
281474976710655.000000	22.766754	3789	0.000000
281474976710655.000000	22.355165	3790	0.000000
281474976710655.000000	21.840979	3791	0.000000
281474976710655.000000	22.696783	3792	0.000000
281474976710655.000000	23.618429	3793	0.000000
281474976710655.000000	24.563164	3794	0.000000
281474976710655.000000	22.538652	3795	0.000000
281474976710655.000000	23.835201	3796	0.000000
281474976710655.000000	24.395731	3797	0.000000
281474976710655.000000	23.356701	3798	0.000000
281474976710655.000000	22.985603	3799	0.000000
281474976710655.000000	22.361681	3800	0.000000
281474976710655.000000	23.850574	3801	0.000000
281474976710655.000000	23.196205	3802	0.000000
281474976710655.000000	22.294853	3803	0.000000
281474976710655.000000	23.023035	3804	0.000000
281474976710655.000000	22.473906	3805	0.000000
281474976710655.000000	22.697641	3806	0.000000
281474976710655.000000	23.941219	3807	0.000000
281474976710655.000000	21.376226	3808	0.000000
281474976710655.000000	22.292089	3809	0.000000
281474976710655.000000	23.242424	3810	0.000000
281474976710655.000000	23.788116	3811	0.000000
281474976710655.000000	23.936657	3812	0.000000
281474976710655.000000	23.341944	3813	0.000000
281474976710655.000000	22.495245	3814	0.000000
281474976710655.000000	23.305510	3815	0.000000
281474976710655.000000	21.998463	3816	0.000000
281474976710655.000000	21.511299	3817	0.000000
281474976710655.000000	23.208332	3818	0.000000
281474976710655.000000	22.708885	3819	0.000000
281474976710655.000000	22.452919	3820	0.000000
281474976710655.000000	21.769215	3821	0.000000
281474976710655.000000	23.422840	3822	0.000000
281474976710655.000000	20.659391	3823	0.000000
281474976710655.000000	22.812571	3824	0.000000
281474976710655.000000	23.103399	3825	0.000000
281474976710655.000000	21.736586	3826	0.000000
281474976710655.000000	23.250666	3827	0.000000
281474976710655.000000	22.819546	3828	0.000000
281474976710655.000000	22.728928	3829	0.000000
281474976710655.000000	22.940819	3830	0.000000
281474976710655.000000	22.610622	3831	0.000000
281474976710655.000000	23.268354	3832	0.000000
281474976710655.000000	21.818277	3833	0.000000
281474976710655.000000	23.268780	3834	0.000000
281474976710655.000000	21.037682	3835	0.000000
281474976710655.000000	21.971012	3836	0.000000
281474976710655.000000	21.745426	3837	0.000000
281474976710655.000000	22.606211	3838	0.000000
281474976710655.000000	22.215197	3839	0.000000
281474976710655.000000	21.742374	3840	0.000000
281474976710655.000000	20.334829	3841	0.000000
281474976710655.000000	22.244518	3842	0.000000
281474976710655.000000	21.023184	3843	0.000000
281474976710655.000000	21.858654	3844	0.000000
281474976710655.000000	21.818249	3845	0.000000
281474976710655.000000	21.926273	3846	0.000000
281474976710655.000000	20.875719	3847	0.000000
281474976710655.000000	20.993917	3848	0.000000
281474976710655.000000	22.078592	3849	0.000000
281474976710655.000000	20.474798	3850	0.000000
281474976710655.000000	22.067551	3851	0.000000
281474976710655.000000	22.167786	3852	0.000000
281474976710655.000000	20.184505	3853	0.000000
281474976710655.000000	21.549274	3854	0.000000
281474976710655.000000	20.462301	3855	0.000000
281474976710655.000000	20.004988	3856	0.000000
281474976710655.000000	21.133543	3857	0.000000
281474976710655.000000	20.761629	3858	0.000000
281474976710655.000000	21.380026	3859	0.000000
281474976710655.000000	20.978998	3860	0.000000
281474976710655.000000	21.771805	3861	0.000000
281474976710655.000000	20.369564	3862	0.000000
281474976710655.000000	20.603292	3863	0.000000
281474976710655.000000	21.576216	3864	0.000000
281474976710655.000000	20.567116	3865	0.000000
281474976710655.000000	20.304655	3866	0.000000
281474976710655.000000	21.354769	3867	0.000000
281474976710655.000000	20.905632	3868	0.000000
281474976710655.000000	20.583080	3869	0.000000
281474976710655.000000	21.397137	3870	0.000000
281474976710655.000000	19.669540	3871	0.000000
281474976710655.000000	20.270224	3872	0.000000
281474976710655.000000	20.157009	3873	0.000000
281474976710655.000000	21.517668	3874	0.000000
281474976710655.000000	20.708710	3875	0.000000
281474976710655.000000	21.830292	3876	0.000000
281474976710655.000000	20.012693	3877	0.000000
281474976710655.000000	20.351370	3878	0.000000
281474976710655.000000	20.742586	3879	0.000000
281474976710655.000000	21.012503	3880	0.000000
281474976710655.000000	21.041164	3881	0.000000
281474976710655.000000	21.057127	3882	0.000000
281474976710655.000000	20.659266	3883	0.000000
281474976710655.000000	19.987276	3884	0.000000
281474976710655.000000	19.660320	3885	0.000000
281474976710655.000000	19.620420	3886	0.000000
281474976710655.000000	20.265129	3887	0.000000
281474976710655.000000	19.741346	3888	0.000000
281474976710655.000000	19.685963	3889	0.000000
281474976710655.000000	19.920162	3890	0.000000
281474976710655.000000	20.178738	3891	0.000000
281474976710655.000000	20.040106	3892	0.000000
281474976710655.000000	20.409048	3893	0.000000
281474976710655.000000	20.748146	3894	0.000000
281474976710655.000000	20.912003	3895	0.000000
281474976710655.000000	20.176426	3896	0.000000
281474976710655.000000	20.308128	3897	0.000000
281474976710655.000000	20.882641	3898	0.000000
281474976710655.000000	19.424309	3899	0.000000
281474976710655.000000	21.362751	3900	0.000000
281474976710655.000000	19.956303	3901	0.000000
281474976710655.000000	20.519398	3902	0.000000
281474976710655.000000	19.824003	3903	0.000000
281474976710655.000000	19.497931	3904	0.000000
281474976710655.000000	19.756800	3905	0.000000
281474976710655.000000	20.226540	3906	0.000000
281474976710655.000000	19.679998	3907	0.000000
281474976710655.000000	20.359991	3908	0.000000
281474976710655.000000	20.028561	3909	0.000000
281474976710655.000000	19.175631	3910	0.000000
281474976710655.000000	20.325960	3911	0.000000
281474976710655.000000	18.894794	3912	0.000000
281474976710655.000000	19.972507	3913	0.000000
281474976710655.000000	19.027710	3914	0.000000
281474976710655.000000	19.247026	3915	0.000000
281474976710655.000000	19.410015	3916	0.000000
281474976710655.000000	18.581978	3917	0.000000
281474976710655.000000	20.234449	3918	0.000000
281474976710655.000000	19.119383	3919	0.000000
281474976710655.000000	20.309750	3920	0.000000
281474976710655.000000	18.381418	3921	0.000000
281474976710655.000000	19.969477	3922	0.000000
281474976710655.000000	18.655663	3923	0.000000
281474976710655.000000	19.465174	3924	0.000000
281474976710655.000000	19.353970	3925	0.000000
281474976710655.000000	19.183104	3926	0.000000
281474976710655.000000	18.962521	3927	0.000000
281474976710655.000000	18.988615	3928	0.000000
281474976710655.000000	18.839893	3929	0.000000
281474976710655.000000	19.060797	3930	0.000000
281474976710655.000000	19.471094	3931	0.000000
281474976710655.000000	17.586811	3932	0.000000
281474976710655.000000	19.739515	3933	0.000000
281474976710655.000000	20.352291	3934	0.000000
281474976710655.000000	18.651688	3935	0.000000
281474976710655.000000	18.502283	3936	0.000000
281474976710655.000000	18.483345	3937	0.000000
281474976710655.000000	19.045366	3938	0.000000
281474976710655.000000	19.270872	3939	0.000000
281474976710655.000000	18.863169	3940	0.000000
281474976710655.000000	18.654346	3941	0.000000
281474976710655.000000	19.079002	3942	0.000000
281474976710655.000000	19.072649	3943	0.000000
281474976710655.000000	19.336462	3944	0.000000
281474976710655.000000	19.108339	3945	0.000000
281474976710655.000000	19.228540	3946	0.000000
281474976710655.000000	18.885965	3947	0.000000
281474976710655.000000	18.672152	3948	0.000000
281474976710655.000000	18.602938	3949	0.000000
281474976710655.000000	19.294388	3950	0.000000
281474976710655.000000	18.526850	3951	0.000000
281474976710655.000000	18.062376	3952	0.000000
281474976710655.000000	18.942554	3953	0.000000
281474976710655.000000	18.998663	3954	0.000000
281474976710655.000000	18.379848	3955	0.000000
281474976710655.000000	19.044241	3956	0.000000
281474976710655.000000	18.390982	3957	0.000000
281474976710655.000000	18.412405	3958	0.000000
281474976710655.000000	19.219061	3959	0.000000
281474976710655.000000	18.920004	3960	0.000000
281474976710655.000000	17.565712	3961	0.000000
281474976710655.000000	19.585705	3962	0.000000
281474976710655.000000	18.251581	3963	0.000000
281474976710655.000000	17.830631	3964	0.000000
281474976710655.000000	18.565540	3965	0.000000
281474976710655.000000	17.958389	3966	0.000000
281474976710655.000000	18.284887	3967	0.000000
281474976710655.000000	18.191942	3968	0.000000
281474976710655.000000	18.013136	3969	0.000000
281474976710655.000000	17.480564	3970	0.000000
281474976710655.000000	18.368326	3971	0.000000
281474976710655.000000	17.768105	3972	0.000000
281474976710655.000000	18.137152	3973	0.000000
281474976710655.000000	18.260057	3974	0.000000
281474976710655.000000	18.092602	3975	0.000000
281474976710655.000000	18.147646	3976	0.000000
281474976710655.000000	18.002605	3977	0.000000
281474976710655.000000	18.518429	3978	0.000000
281474976710655.000000	18.234745	3979	0.000000
281474976710655.000000	17.754044	3980	0.000000
281474976710655.000000	17.113626	3981	0.000000
281474976710655.000000	18.217888	3982	0.000000
281474976710655.000000	17.733829	3983	0.000000
281474976710655.000000	18.219887	3984	0.000000
281474976710655.000000	17.604895	3985	0.000000
281474976710655.000000	17.924568	3986	0.000000
281474976710655.000000	17.645741	3987	0.000000
281474976710655.000000	17.950129	3988	0.000000
281474976710655.000000	17.377115	3989	0.000000
281474976710655.000000	16.995546	3990	0.000000
281474976710655.000000	17.565977	3991	0.000000
281474976710655.000000	17.686262	3992	0.000000
281474976710655.000000	17.946291	3993	0.000000
281474976710655.000000	17.829969	3994	0.000000
281474976710655.000000	17.334702	3995	0.000000
281474976710655.000000	17.711765	3996	0.000000
281474976710655.000000	17.895691	3997	0.000000
281474976710655.000000	17.515406	3998	0.000000
281474976710655.000000	17.433716	3999	0.000000
281474976710655.000000	17.937170	4000	0.000000
281474976710655.000000	17.447805	4001	0.000000
281474976710655.000000	18.070473	4002	0.000000
281474976710655.000000	17.104984	4003	0.000000
281474976710655.000000	17.296843	4004	0.000000
281474976710655.000000	17.233242	4005	0.000000
281474976710655.000000	17.600784	4006	0.000000
281474976710655.000000	17.194052	4007	0.000000
281474976710655.000000	17.308231	4008	0.000000
281474976710655.000000	17.635799	4009	0.000000
281474976710655.000000	17.207417	4010	0.000000
281474976710655.000000	16.761713	4011	0.000000
281474976710655.000000	17.111242	4012	0.000000
281474976710655.000000	17.428713	4013	0.000000
281474976710655.000000	16.957119	4014	0.000000
281474976710655.000000	17.054462	4015	0.000000
281474976710655.000000	17.350166	4016	0.000000
281474976710655.000000	16.957218	4017	0.000000
281474976710655.000000	16.840710	4018	0.000000
281474976710655.000000	17.276836	4019	0.000000
281474976710655.000000	17.000275	4020	0.000000
281474976710655.000000	17.031622	4021	0.000000
281474976710655.000000	16.413935	4022	0.000000
281474976710655.000000	17.037266	4023	0.000000
281474976710655.000000	16.911655	4024	0.000000
281474976710655.000000	16.818375	4025	0.000000
281474976710655.000000	17.417757	4026	0.000000
281474976710655.000000	16.690695	4027	0.000000
281474976710655.000000	16.782635	4028	0.000000
281474976710655.000000	16.495094	4029	0.000000
281474976710655.000000	16.873833	4030	0.000000
281474976710655.000000	16.393793	4031	0.000000
281474976710655.000000	16.803164	4032	0.000000
281474976710655.000000	16.895071	4033	0.000000
281474976710655.000000	16.607943	4034	0.000000
281474976710655.000000	16.750151	4035	0.000000
281474976710655.000000	16.679043	4036	0.000000
281474976710655.000000	16.315012	4037	0.000000
281474976710655.000000	17.152843	4038	0.000000
281474976710655.000000	16.738234	4039	0.000000
281474976710655.000000	16.445036	4040	0.000000
281474976710655.000000	16.199726	4041	0.000000
281474976710655.000000	16.810078	4042	0.000000
281474976710655.000000	16.557613	4043	0.000000
281474976710655.000000	16.395243	4044	0.000000
281474976710655.000000	16.351820	4045	0.000000
281474976710655.000000	17.608728	4046	0.000000
281474976710655.000000	16.524443	4047	0.000000
281474976710655.000000	16.858952	4048	0.000000
281474976710655.000000	16.258274	4049	0.000000
281474976710655.000000	17.200315	4050	0.000000
281474976710655.000000	16.450178	4051	0.000000
281474976710655.000000	16.134045	4052	0.000000
281474976710655.000000	16.496050	4053	0.000000
281474976710655.000000	16.032475	4054	0.000000
281474976710655.000000	16.356573	4055	0.000000
281474976710655.000000	16.407049	4056	0.000000
281474976710655.000000	16.423534	4057	0.000000
281474976710655.000000	16.181129	4058	0.000000
281474976710655.000000	16.226662	4059	0.000000
281474976710655.000000	16.346947	4060	0.000000
281474976710655.000000	16.277607	4061	0.000000
281474976710655.000000	16.454191	4062	0.000000
281474976710655.000000	15.763549	4063	0.000000
281474976710655.000000	16.395124	4064	0.000000
281474976710655.000000	16.091421	4065	0.000000
281474976710655.000000	16.153034	4066	0.000000
281474976710655.000000	16.281988	4067	0.000000
281474976710655.000000	16.428410	4068	0.000000
281474976710655.000000	16.317059	4069	0.000000
281474976710655.000000	16.074038	4070	0.000000
281474976710655.000000	16.276045	4071	0.000000
281474976710655.000000	16.504993	4072	0.000000
281474976710655.000000	16.132078	4073	0.000000
281474976710655.000000	16.204014	4074	0.000000
281474976710655.000000	15.825904	4075	0.000000
281474976710655.000000	15.800086	4076	0.000000
281474976710655.000000	15.588637	4077	0.000000
281474976710655.000000	16.156376	4078	0.000000
281474976710655.000000	15.841039	4079	0.000000
281474976710655.000000	16.027363	4080	0.000000
281474976710655.000000	15.431604	4081	0.000000
281474976710655.000000	15.767044	4082	0.000000
281474976710655.000000	15.319988	4083	0.000000
281474976710655.000000	15.969280	4084	0.000000
281474976710655.000000	15.886292	4085	0.000000
281474976710655.000000	15.595768	4086	0.000000
281474976710655.000000	15.814655	4087	0.000000
281474976710655.000000	15.845695	4088	0.000000
281474976710655.000000	15.288424	4089	0.000000
281474976710655.000000	15.754924	4090	0.000000
281474976710655.000000	15.938529	4091	0.000000
281474976710655.000000	15.611306	4092	0.000000
281474976710655.000000	15.582271	4093	0.000000
281474976710655.000000	15.672026	4094	0.000000
281474976710655.000000	15.406210	4095	0.000000
281474976710655.000000	15.597520	4096	0.000000
281474976710655.000000	15.235524	4097	0.000000
281474976710655.000000	15.788679	4098	0.000000
281474976710655.000000	15.770356	4099	0.000000
281474976710655.000000	15.843959	4100	0.000000
281474976710655.000000	15.552699	4101	0.000000
281474976710655.000000	15.494824	4102	0.000000
281474976710655.000000	15.480285	4103	0.000000
281474976710655.000000	15.219351	4104	0.000000
281474976710655.000000	15.284747	4105	0.000000
281474976710655.000000	15.236463	4106	0.000000
281474976710655.000000	15.542910	4107	0.000000
281474976710655.000000	15.536137	4108	0.000000
281474976710655.000000	15.172298	4109	0.000000
281474976710655.000000	15.224918	4110	0.000000
281474976710655.000000	15.208125	4111	0.000000
281474976710655.000000	15.041516	4112	0.000000
281474976710655.000000	15.274899	4113	0.000000
281474976710655.000000	15.074514	4114	0.000000
281474976710655.000000	15.258937	4115	0.000000
281474976710655.000000	15.727158	4116	0.000000
281474976710655.000000	14.956600	4117	0.000000
281474976710655.000000	15.223825	4118	0.000000
281474976710655.000000	14.876582	4119	0.000000
281474976710655.000000	15.477273	4120	0.000000
281474976710655.000000	15.200718	4121	0.000000
281474976710655.000000	15.281134	4122	0.000000
281474976710655.000000	15.136178	4123	0.000000
281474976710655.000000	15.229536	4124	0.000000
281474976710655.000000	15.243027	4125	0.000000
281474976710655.000000	15.309284	4126	0.000000
281474976710655.000000	14.416211	4127	0.000000
281474976710655.000000	15.033032	4128	0.000000
281474976710655.000000	15.198321	4129	0.000000
281474976710655.000000	15.510889	4130	0.000000
281474976710655.000000	14.662354	4131	0.000000
281474976710655.000000	14.816820	4132	0.000000
281474976710655.000000	14.795085	4133	0.000000
281474976710655.000000	14.863730	4134	0.000000
281474976710655.000000	14.921897	4135	0.000000
281474976710655.000000	14.765443	4136	0.000000
281474976710655.000000	14.606614	4137	0.000000
281474976710655.000000	14.823785	4138	0.000000
281474976710655.000000	14.954299	4139	0.000000
281474976710655.000000	14.950430	4140	0.000000
281474976710655.000000	14.591032	4141	0.000000
281474976710655.000000	15.338759	4142	0.000000
281474976710655.000000	14.616755	4143	0.000000
281474976710655.000000	15.026994	4144	0.000000
281474976710655.000000	14.600266	4145	0.000000
281474976710655.000000	14.614191	4146	0.000000
281474976710655.000000	14.436858	4147	0.000000
281474976710655.000000	14.741780	4148	0.000000
281474976710655.000000	14.934041	4149	0.000000
281474976710655.000000	14.798779	4150	0.000000
281474976710655.000000	14.970999	4151	0.000000
281474976710655.000000	14.617592	4152	0.000000
281474976710655.000000	14.049116	4153	0.000000
281474976710655.000000	14.875134	4154	0.000000
281474976710655.000000	14.183015	4155	0.000000
281474976710655.000000	14.397124	4156	0.000000
281474976710655.000000	14.219341	4157	0.000000
281474976710655.000000	14.705490	4158	0.000000
281474976710655.000000	13.927063	4159	0.000000
281474976710655.000000	14.811092	4160	0.000000
281474976710655.000000	14.576738	4161	0.000000
281474976710655.000000	14.529437	4162	0.000000
281474976710655.000000	13.968066	4163	0.000000
281474976710655.000000	14.644785	4164	0.000000
281474976710655.000000	14.559306	4165	0.000000
281474976710655.000000	14.929781	4166	0.000000
281474976710655.000000	13.823293	4167	0.000000
281474976710655.000000	14.456727	4168	0.000000
281474976710655.000000	14.683255	4169	0.000000
281474976710655.000000	14.644065	4170	0.000000
281474976710655.000000	14.270284	4171	0.000000
281474976710655.000000	13.969998	4172	0.000000
281474976710655.000000	13.833407	4173	0.000000
281474976710655.000000	14.143872	4174	0.000000
281474976710655.000000	13.979533	4175	0.000000
281474976710655.000000	14.141411	4176	0.000000
281474976710655.000000	14.450339	4177	0.000000
281474976710655.000000	14.055287	4178	0.000000
281474976710655.000000	14.330394	4179	0.000000
281474976710655.000000	13.878860	4180	0.000000
281474976710655.000000	14.532811	4181	0.000000
281474976710655.000000	13.992584	4182	0.000000
281474976710655.000000	13.745877	4183	0.000000
281474976710655.000000	14.193712	4184	0.000000
281474976710655.000000	13.957555	4185	0.000000
281474976710655.000000	13.907312	4186	0.000000
281474976710655.000000	13.608294	4187	0.000000
281474976710655.000000	14.066653	4188	0.000000
281474976710655.000000	14.011252	4189	0.000000
281474976710655.000000	13.948491	4190	0.000000
281474976710655.000000	13.811136	4191	0.000000
281474976710655.000000	13.782500	4192	0.000000
281474976710655.000000	14.347260	4193	0.000000
281474976710655.000000	13.760297	4194	0.000000
281474976710655.000000	13.836968	4195	0.000000
281474976710655.000000	13.728129	4196	0.000000
281474976710655.000000	13.852095	4197	0.000000
281474976710655.000000	13.813072	4198	0.000000
281474976710655.000000	13.578590	4199	0.000000
281474976710655.000000	14.175171	4200	0.000000
281474976710655.000000	13.277013	4201	0.000000
281474976710655.000000	13.506117	4202	0.000000
281474976710655.000000	13.531512	4203	0.000000
281474976710655.000000	13.952425	4204	0.000000
281474976710655.000000	13.222816	4205	0.000000
281474976710655.000000	13.929461	4206	0.000000
281474976710655.000000	13.875361	4207	0.000000
281474976710655.000000	14.351399	4208	0.000000
281474976710655.000000	13.516294	4209	0.000000
281474976710655.000000	13.596019	4210	0.000000
281474976710655.000000	13.526189	4211	0.000000
281474976710655.000000	13.559400	4212	0.000000
281474976710655.000000	13.551092	4213	0.000000
281474976710655.000000	13.812043	4214	0.000000
281474976710655.000000	13.565987	4215	0.000000
281474976710655.000000	14.089611	4216	0.000000
281474976710655.000000	13.297154	4217	0.000000
281474976710655.000000	14.054175	4218	0.000000
281474976710655.000000	13.728573	4219	0.000000
281474976710655.000000	13.826072	4220	0.000000
281474976710655.000000	13.042969	4221	0.000000
281474976710655.000000	13.812461	4222	0.000000
281474976710655.000000	13.170062	4223	0.000000
281474976710655.000000	13.384871	4224	0.000000
281474976710655.000000	13.145533	4225	0.000000
281474976710655.000000	13.509587	4226	0.000000
281474976710655.000000	13.962442	4227	0.000000
281474976710655.000000	13.434811	4228	0.000000
281474976710655.000000	13.253618	4229	0.000000
281474976710655.000000	13.030694	4230	0.000000
281474976710655.000000	13.029765	4231	0.000000
281474976710655.000000	13.546867	4232	0.000000
281474976710655.000000	13.124041	4233	0.000000
281474976710655.000000	13.491021	4234	0.000000
281474976710655.000000	13.291631	4235	0.000000
281474976710655.000000	13.277656	4236	0.000000
281474976710655.000000	13.113091	4237	0.000000
281474976710655.000000	13.918509	4238	0.000000
281474976710655.000000	13.224165	4239	0.000000
281474976710655.000000	13.425798	4240	0.000000
281474976710655.000000	13.418917	4241	0.000000
281474976710655.000000	13.654395	4242	0.000000
281474976710655.000000	13.117966	4243	0.000000
281474976710655.000000	13.382152	4244	0.000000
281474976710655.000000	13.155252	4245	0.000000
281474976710655.000000	13.288404	4246	0.000000
281474976710655.000000	13.078371	4247	0.000000
281474976710655.000000	13.341723	4248	0.000000
281474976710655.000000	13.004872	4249	0.000000
281474976710655.000000	13.249686	4250	0.000000
281474976710655.000000	12.835274	4251	0.000000
281474976710655.000000	13.293542	4252	0.000000
281474976710655.000000	13.269932	4253	0.000000
281474976710655.000000	13.633064	4254	0.000000
281474976710655.000000	12.869473	4255	0.000000
281474976710655.000000	13.119321	4256	0.000000
281474976710655.000000	12.717238	4257	0.000000
281474976710655.000000	13.082453	4258	0.000000
281474976710655.000000	12.636186	4259	0.000000
281474976710655.000000	13.483823	4260	0.000000
281474976710655.000000	12.743937	4261	0.000000
281474976710655.000000	12.874395	4262	0.000000
281474976710655.000000	12.805059	4263	0.000000
281474976710655.000000	13.105206	4264	0.000000
281474976710655.000000	12.919195	4265	0.000000
281474976710655.000000	13.019817	4266	0.000000
281474976710655.000000	12.685679	4267	0.000000
281474976710655.000000	12.850564	4268	0.000000
281474976710655.000000	12.636504	4269	0.000000
281474976710655.000000	13.008392	4270	0.000000
281474976710655.000000	12.719721	4271	0.000000
281474976710655.000000	13.143185	4272	0.000000
281474976710655.000000	12.991809	4273	0.000000
281474976710655.000000	13.025320	4274	0.000000
281474976710655.000000	13.047597	4275	0.000000
281474976710655.000000	12.732883	4276	0.000000
281474976710655.000000	12.782598	4277	0.000000
281474976710655.000000	12.976183	4278	0.000000
281474976710655.000000	12.711883	4279	0.000000
281474976710655.000000	12.316996	4280	0.000000
281474976710655.000000	12.826020	4281	0.000000
281474976710655.000000	12.594098	4282	0.000000
281474976710655.000000	12.520491	4283	0.000000
281474976710655.000000	13.023106	4284	0.000000
281474976710655.000000	12.382771	4285	0.000000
281474976710655.000000	12.398028	4286	0.000000
281474976710655.000000	12.752415	4287	0.000000
281474976710655.000000	12.734136	4288	0.000000
281474976710655.000000	12.556023	4289	0.000000
281474976710655.000000	13.313560	4290	0.000000
281474976710655.000000	12.124586	4291	0.000000
281474976710655.000000	12.615001	4292	0.000000
281474976710655.000000	12.335120	4293	0.000000
281474976710655.000000	12.652431	4294	0.000000
281474976710655.000000	12.490950	4295	0.000000
281474976710655.000000	12.934875	4296	0.000000
281474976710655.000000	12.670581	4297	0.000000
281474976710655.000000	12.246308	4298	0.000000
281474976710655.000000	12.260521	4299	0.000000
281474976710655.000000	12.670055	4300	0.000000
281474976710655.000000	12.299726	4301	0.000000
281474976710655.000000	12.875817	4302	0.000000
281474976710655.000000	12.301470	4303	0.000000
281474976710655.000000	12.231540	4304	0.000000
281474976710655.000000	12.235100	4305	0.000000
281474976710655.000000	12.301351	4306	0.000000
281474976710655.000000	11.954364	4307	0.000000
281474976710655.000000	12.552317	4308	0.000000
281474976710655.000000	12.123771	4309	0.000000
281474976710655.000000	12.221189	4310	0.000000
281474976710655.000000	12.190534	4311	0.000000
281474976710655.000000	12.238114	4312	0.000000
281474976710655.000000	12.261240	4313	0.000000
281474976710655.000000	12.308771	4314	0.000000
281474976710655.000000	12.355784	4315	0.000000
281474976710655.000000	12.224413	4316	0.000000
281474976710655.000000	12.231862	4317	0.000000
281474976710655.000000	12.413356	4318	0.000000
281474976710655.000000	12.178339	4319	0.000000
281474976710655.000000	12.117967	4320	0.000000
281474976710655.000000	12.032109	4321	0.000000
281474976710655.000000	12.297867	4322	0.000000
281474976710655.000000	12.137901	4323	0.000000
281474976710655.000000	12.268219	4324	0.000000
281474976710655.000000	12.044730	4325	0.000000
281474976710655.000000	12.417022	4326	0.000000
281474976710655.000000	11.880803	4327	0.000000
281474976710655.000000	12.019061	4328	0.000000
281474976710655.000000	12.164011	4329	0.000000
281474976710655.000000	12.335196	4330	0.000000
281474976710655.000000	12.063828	4331	0.000000
281474976710655.000000	11.929557	4332	0.000000
281474976710655.000000	12.035531	4333	0.000000
281474976710655.000000	12.328033	4334	0.000000
281474976710655.000000	11.732149	4335	0.000000
281474976710655.000000	11.947810	4336	0.000000
281474976710655.000000	11.961785	4337	0.000000
281474976710655.000000	11.924015	4338	0.000000
281474976710655.000000	11.839146	4339	0.000000
281474976710655.000000	12.069155	4340	0.000000
281474976710655.000000	11.566189	4341	0.000000
281474976710655.000000	12.212137	4342	0.000000
281474976710655.000000	11.846698	4343	0.000000
281474976710655.000000	11.887968	4344	0.000000
281474976710655.000000	12.012866	4345	0.000000
281474976710655.000000	12.026148	4346	0.000000
281474976710655.000000	11.722628	4347	0.000000
281474976710655.000000	12.205657	4348	0.000000
281474976710655.000000	11.785357	4349	0.000000
281474976710655.000000	11.790569	4350	0.000000
281474976710655.000000	11.794380	4351	0.000000
281474976710655.000000	11.948741	4352	0.000000
281474976710655.000000	11.827932	4353	0.000000
281474976710655.000000	11.780555	4354	0.000000
281474976710655.000000	11.778531	4355	0.000000
281474976710655.000000	11.905969	4356	0.000000
281474976710655.000000	11.633034	4357	0.000000
281474976710655.000000	11.819302	4358	0.000000
281474976710655.000000	11.667196	4359	0.000000
281474976710655.000000	11.708955	4360	0.000000
281474976710655.000000	11.820115	4361	0.000000
281474976710655.000000	11.457823	4362	0.000000
281474976710655.000000	11.662148	4363	0.000000
281474976710655.000000	11.827169	4364	0.000000
281474976710655.000000	11.478866	4365	0.000000
281474976710655.000000	11.545730	4366	0.000000
281474976710655.000000	11.480518	4367	0.000000
281474976710655.000000	11.734921	4368	0.000000
281474976710655.000000	11.591709	4369	0.000000
281474976710655.000000	11.732407	4370	0.000000
281474976710655.000000	11.648983	4371	0.000000
281474976710655.000000	11.749923	4372	0.000000
281474976710655.000000	11.338799	4373	0.000000
281474976710655.000000	11.848523	4374	0.000000
281474976710655.000000	11.362522	4375	0.000000
281474976710655.000000	11.686843	4376	0.000000
281474976710655.000000	11.581300	4377	0.000000
281474976710655.000000	11.543638	4378	0.000000
281474976710655.000000	11.742987	4379	0.000000
281474976710655.000000	11.668702	4380	0.000000
281474976710655.000000	11.186627	4381	0.000000
281474976710655.000000	11.689551	4382	0.000000
281474976710655.000000	11.237095	4383	0.000000
281474976710655.000000	11.410232	4384	0.000000
281474976710655.000000	11.106039	4385	0.000000
281474976710655.000000	11.549994	4386	0.000000
281474976710655.000000	11.527023	4387	0.000000
281474976710655.000000	11.508350	4388	0.000000
281474976710655.000000	11.384424	4389	0.000000
281474976710655.000000	11.399440	4390	0.000000
281474976710655.000000	11.275540	4391	0.000000
281474976710655.000000	11.154630	4392	0.000000
281474976710655.000000	11.008405	4393	0.000000
281474976710655.000000	11.450088	4394	0.000000
281474976710655.000000	11.064466	4395	0.000000
281474976710655.000000	11.410297	4396	0.000000
281474976710655.000000	11.370967	4397	0.000000
281474976710655.000000	11.362275	4398	0.000000
281474976710655.000000	11.175760	4399	0.000000
281474976710655.000000	11.100763	4400	0.000000
281474976710655.000000	10.965388	4401	0.000000
281474976710655.000000	11.331246	4402	0.000000
281474976710655.000000	11.152083	4403	0.000000
281474976710655.000000	11.148201	4404	0.000000
281474976710655.000000	11.117966	4405	0.000000
281474976710655.000000	10.978000	4406	0.000000
281474976710655.000000	11.282734	4407	0.000000
281474976710655.000000	11.203175	4408	0.000000
281474976710655.000000	11.140607	4409	0.000000
281474976710655.000000	11.109995	4410	0.000000
281474976710655.000000	10.935179	4411	0.000000
281474976710655.000000	11.125722	4412	0.000000
281474976710655.000000	11.167873	4413	0.000000
281474976710655.000000	11.540280	4414	0.000000
281474976710655.000000	11.016567	4415	0.000000
281474976710655.000000	11.230094	4416	0.000000
281474976710655.000000	10.962652	4417	0.000000
281474976710655.000000	11.182125	4418	0.000000
281474976710655.000000	10.934133	4419	0.000000
281474976710655.000000	11.263779	4420	0.000000
281474976710655.000000	11.055448	4421	0.000000
281474976710655.000000	11.169115	4422	0.000000
281474976710655.000000	10.924871	4423	0.000000
281474976710655.000000	11.092860	4424	0.000000
281474976710655.000000	10.812253	4425	0.000000
281474976710655.000000	11.097025	4426	0.000000
281474976710655.000000	10.901377	4427	0.000000
281474976710655.000000	10.885893	4428	0.000000
281474976710655.000000	10.959277	4429	0.000000
281474976710655.000000	11.285752	4430	0.000000
281474976710655.000000	10.797114	4431	0.000000
281474976710655.000000	10.750599	4432	0.000000
281474976710655.000000	10.712526	4433	0.000000
281474976710655.000000	10.994219	4434	0.000000
281474976710655.000000	10.813846	4435	0.000000
281474976710655.000000	10.917367	4436	0.000000
281474976710655.000000	10.912611	4437	0.000000
281474976710655.000000	10.982843	4438	0.000000
281474976710655.000000	10.684529	4439	0.000000
281474976710655.000000	10.844193	4440	0.000000
281474976710655.000000	10.879789	4441	0.000000
281474976710655.000000	10.927410	4442	0.000000
281474976710655.000000	10.877292	4443	0.000000
281474976710655.000000	10.731432	4444	0.000000
281474976710655.000000	10.875114	4445	0.000000
281474976710655.000000	10.828607	4446	0.000000
281474976710655.000000	10.432131	4447	0.000000
281474976710655.000000	10.784937	4448	0.000000
281474976710655.000000	10.557161	4449	0.000000
281474976710655.000000	10.783842	4450	0.000000
281474976710655.000000	10.669111	4451	0.000000
281474976710655.000000	10.679345	4452	0.000000
281474976710655.000000	10.787457	4453	0.000000
281474976710655.000000	10.713764	4454	0.000000
281474976710655.000000	10.703141	4455	0.000000
281474976710655.000000	10.914226	4456	0.000000
281474976710655.000000	10.573315	4457	0.000000
281474976710655.000000	10.715822	4458	0.000000
281474976710655.000000	10.659344	4459	0.000000
281474976710655.000000	10.594636	4460	0.000000
281474976710655.000000	10.456940	4461	0.000000
281474976710655.000000	10.756451	4462	0.000000
281474976710655.000000	10.595467	4463	0.000000
281474976710655.000000	10.814720	4464	0.000000
281474976710655.000000	10.416102	4465	0.000000
281474976710655.000000	10.633092	4466	0.000000
281474976710655.000000	10.381807	4467	0.000000
281474976710655.000000	10.702662	4468	0.000000
281474976710655.000000	10.439953	4469	0.000000
281474976710655.000000	10.491746	4470	0.000000
281474976710655.000000	10.418796	4471	0.000000
281474976710655.000000	10.686679	4472	0.000000
281474976710655.000000	10.317647	4473	0.000000
281474976710655.000000	10.519587	4474	0.000000
281474976710655.000000	10.551844	4475	0.000000
281474976710655.000000	10.472093	4476	0.000000
281474976710655.000000	10.188416	4477	0.000000
281474976710655.000000	10.302237	4478	0.000000
281474976710655.000000	10.340074	4479	0.000000
281474976710655.000000	10.446174	4480	0.000000
281474976710655.000000	10.414063	4481	0.000000
281474976710655.000000	10.278048	4482	0.000000
281474976710655.000000	10.304428	4483	0.000000
281474976710655.000000	10.424537	4484	0.000000
281474976710655.000000	10.175259	4485	0.000000
281474976710655.000000	10.179527	4486	0.000000
281474976710655.000000	10.462409	4487	0.000000
281474976710655.000000	10.229089	4488	0.000000
281474976710655.000000	10.295099	4489	0.000000
