num crossings	time (s)	maj axis (mm)	min axis (mm)	theta (rad )	slope (V/s)
1599	2450.854363	111.836061	1.450699	0.529224	38.234539
1601	2452.923216	112.349013	2.528794	0.540133	38.246550
1603	2454.992051	111.385716	1.573209	0.531921	37.911845
1605	2457.060099	111.718681	2.438576	0.541532	39.583197
1607	2459.127828	111.711732	1.536600	0.533748	37.392468
1609	2461.194818	112.203905	0.785895	0.544665	38.801782
1611	2463.261934	112.231861	0.828296	0.544831	37.936925
1613	2465.329998	111.578680	1.273244	0.537585	37.865676
1615	2467.397939	111.579458	1.401798	0.529549	38.004406
1617	2469.466901	110.826497	1.568938	0.534428	36.604713
1619	2471.536069	110.677267	1.607876	0.535491	37.105193
1621	2473.605238	110.326801	1.699682	0.537441	37.141499
1623	2475.674557	110.170274	1.749889	0.537931	36.371489
1625	2477.743616	109.930748	1.762209	0.536349	36.960056
1627	2479.812474	110.067723	1.666473	0.538886	37.026011
1629	2481.881376	109.808292	1.797439	0.539109	36.621141
1631	2483.950217	109.730063	1.794623	0.540146	36.619267
1633	2486.019452	109.642337	1.724360	0.539800	36.764213
1635	2488.088689	109.149896	1.864435	0.542414	35.759378
1637	2490.158480	108.975190	1.934027	0.541502	36.285444
1639	2492.228915	108.679027	2.104710	0.543528	36.943286
1641	2494.299992	109.162362	2.830489	0.549521	36.776219
1643	2496.370604	108.060080	2.152342	0.539185	36.048163
1645	2498.440958	108.815744	2.981872	0.550247	36.818396
1647	2500.510582	108.686822	2.923970	0.552615	36.504654
1649	2502.579953	107.711998	2.269527	0.540630	35.865448
1651	2504.649280	106.854445	2.321884	0.552884	36.187456
1653	2506.718200	107.290252	2.332304	0.541853	36.631464
1655	2508.787038	107.445567	2.436005	0.542869	36.246841
1657	2510.855763	107.118859	2.346268	0.546760	34.759628
1659	2512.924191	107.103614	2.501885	0.545412	35.188407
1661	2514.992236	107.681788	3.242463	0.557125	35.530194
1663	2517.059336	107.911929	3.396693	0.557544	35.852147
1665	2519.126716	107.416893	3.348176	0.555582	35.874403
1667	2521.193784	107.215524	3.478074	0.556568	35.754339
1669	2523.261382	107.406065	1.639525	0.560544	35.062985
1671	2525.329913	107.447763	1.717154	0.559264	35.797352
1673	2527.398758	106.749558	1.728833	0.563650	34.122191
1675	2529.467695	106.089241	3.437348	0.556487	33.636139
1677	2531.536609	106.085915	2.599484	0.553198	34.925903
1679	2533.605711	105.956714	2.577418	0.553288	34.767689
1681	2535.674446	105.243466	2.770464	0.554685	34.916736
1683	2537.743311	105.524591	2.729420	0.555128	33.863843
1685	2539.812319	106.101844	1.722092	0.568278	34.065278
1687	2541.881169	105.357946	2.867777	0.557716	33.889176
1689	2543.950721	105.884419	1.871553	0.569778	32.969266
1691	2546.020260	104.974549	2.808956	0.560580	33.694805
1693	2548.090624	104.953169	2.835134	0.560673	33.164290
1695	2550.161445	105.296747	3.903967	0.567693	33.774670
1697	2552.231988	105.179909	4.001290	0.570482	34.259679
1699	2554.302045	103.955041	3.099520	0.559175	33.351667
1701	2556.372114	104.042254	3.096305	0.560186	33.286050
1703	2558.441148	104.485700	4.111751	0.572419	33.038428
1705	2560.510368	104.485908	4.259314	0.573196	33.864622
1707	2562.579117	103.466910	3.293659	0.561572	32.993662
1709	2564.647749	102.981272	3.368802	0.564863	33.870949
1711	2566.716790	104.970783	2.771579	0.560413	32.941474
1713	2568.784611	104.965636	4.551619	0.577437	32.228130
1715	2570.852274	103.089347	3.473906	0.569531	33.803286
1717	2572.919763	103.173219	3.421634	0.568915	32.775763
1719	2574.986494	103.517021	4.211738	0.577742	32.601907
1721	2577.053973	102.920105	4.179967	0.577135	32.812216
1723	2579.121596	102.902840	4.330900	0.576157	31.963818
1725	2581.190019	103.263510	3.237980	0.571371	32.223156
1727	2583.258586	101.763145	3.616085	0.566708	32.042633
1729	2585.327556	102.691213	4.609144	0.575402	32.529511
1731	2587.396266	101.996017	4.461129	0.580355	32.215238
1733	2589.464909	102.697502	2.651098	0.588031	32.035467
1735	2591.533979	102.026049	3.647256	0.576135	32.269018
1737	2593.602686	102.278513	3.441070	0.580741	32.550963
1739	2595.671514	101.637306	3.718581	0.580694	31.316069
1741	2597.740706	101.418335	3.715715	0.581542	31.466717
1743	2599.810375	101.653801	4.675764	0.583605	31.746668
1745	2601.880561	100.788376	3.948557	0.581901	32.711964
1747	2603.951100	100.965752	3.917013	0.583117	32.458938
1749	2606.021439	101.416337	4.682377	0.591858	31.446212
1751	2608.091895	101.002214	4.788942	0.593972	31.493675
1753	2610.161621	101.091463	4.845593	0.594168	31.784273
1755	2612.230631	100.040340	4.042092	0.594028	31.680607
1757	2614.299709	100.963652	5.052589	0.597523	30.741241
1759	2616.368571	100.641883	5.149786	0.597607	30.747322
1761	2618.437072	100.533875	5.267881	0.597121	30.167403
1763	2620.505517	99.610400	4.281531	0.589420	30.764654
1765	2622.573628	99.609752	4.390321	0.590155	30.931032
1767	2624.641368	100.273595	5.215067	0.600465	31.077508
1769	2626.708687	99.597607	4.448268	0.592284	31.058179
1771	2628.775396	100.069348	5.182261	0.601214	30.485335
1773	2630.842809	99.114099	4.459052	0.592021	30.466836
1775	2632.910423	100.231210	3.495965	0.608799	30.998981
1777	2634.978217	99.676726	3.609754	0.608749	30.195625
1779	2637.046810	98.403813	4.595364	0.594791	30.192777
1781	2639.115424	99.660718	3.504727	0.609413	29.694808
1783	2641.184237	99.099188	5.529794	0.603778	29.926028
1785	2643.253155	98.723052	5.556445	0.606747	30.025387
1787	2645.321544	98.808143	5.705316	0.607245	29.468479
1789	2647.390409	98.649418	5.641269	0.608063	30.205466
1791	2649.459430	98.503869	5.673082	0.609266	30.015499
1793	2651.528628	97.612344	4.865349	0.605530	29.985489
1795	2653.598455	97.525346	4.723358	0.608713	30.314949
1797	2655.668565	97.823319	4.828440	0.606783	30.097973
1799	2657.738897	97.093821	5.015936	0.608655	29.560914
1801	2659.809190	96.876882	5.039760	0.608744	28.721973
1803	2661.878781	96.560719	5.134275	0.611592	30.019327
1805	2663.948825	97.415887	5.757446	0.623424	29.427691
1807	2666.017702	97.591662	6.004308	0.622853	29.434577
1809	2668.086678	96.811844	5.167942	0.610588	29.627285
1811	2670.155324	96.677666	5.137818	0.612462	28.865887
1813	2672.223945	96.274860	5.304231	0.625882	29.030786
1815	2674.291911	96.309473	5.330976	0.617320	28.559243
1817	2676.359699	96.998826	6.290580	0.627898	29.404563
1819	2678.427041	96.066746	5.411994	0.620117	29.483985
1821	2680.493983	96.112799	5.404985	0.621535	28.023905
1823	2682.561196	96.865517	6.311806	0.630046	28.257453
1825	2684.628429	96.744794	6.318868	0.630564	28.599347
1827	2686.696028	95.366455	5.697906	0.624597	28.338598
1829	2688.763957	95.641587	5.620929	0.630554	28.232880
1831	2690.832426	95.907670	6.354690	0.632367	28.203595
1833	2692.901033	95.503085	6.393007	0.633518	27.947115
1835	2694.969396	95.438010	6.389437	0.633992	28.190065
1837	2697.038275	95.297492	6.538327	0.636771	28.084680
1839	2699.106867	94.684432	5.807722	0.631823	28.231873
1841	2701.175552	95.914529	5.535510	0.630197	27.233093
1843	2703.244876	94.304796	5.922957	0.635481	28.020423
1845	2705.314162	94.963175	6.692790	0.642486	27.612334
1847	2707.384068	94.191609	5.990183	0.636622	27.872950
1849	2709.454088	93.904117	6.061066	0.639020	27.375715
1851	2711.524561	93.966167	6.053149	0.639237	28.263977
1853	2713.594174	94.279749	6.546130	0.653753	27.280362
1855	2715.664294	93.709748	6.186549	0.639781	28.099463
1857	2717.733148	93.333318	6.218585	0.641556	27.767543
1859	2719.801973	93.340191	6.251417	0.643273	27.110894
1861	2721.870897	93.090018	6.358200	0.646051	27.117830
1863	2723.939075	93.125194	6.411389	0.647417	27.509119
1865	2726.007115	92.954195	6.435572	0.650502	26.520719
1867	2728.074618	93.248192	6.400666	0.650304	27.501260
1869	2730.142613	93.163843	6.510948	0.651302	26.441152
1871	2732.209389	93.931396	7.299550	0.661591	26.337300
1873	2734.276592	93.473529	7.326071	0.661815	26.525750
1875	2736.343620	93.173759	6.359136	0.655688	27.570475
1877	2738.410874	93.695307	5.445644	0.667950	26.351318
1879	2740.478969	92.155187	6.654863	0.657948	26.244235
1881	2742.547459	92.346569	6.755196	0.662665	26.782302
1883	2744.615816	92.080922	6.670964	0.659297	25.685346
1885	2746.684229	92.536910	6.594567	0.658874	26.025186
1887	2748.752647	92.515160	6.516950	0.662364	25.697474
1889	2750.821216	92.273867	7.675960	0.669572	26.119054
1891	2752.890297	91.193902	6.903301	0.668512	26.653578
1893	2754.959548	92.137665	6.679312	0.667586	26.323833
1895	2757.028918	91.937991	7.683229	0.675014	25.390739
1897	2759.098581	91.239534	6.939117	0.670995	26.310586
1899	2761.168311	91.095008	7.037102	0.672625	26.400382
1901	2763.238853	90.903008	7.066980	0.673624	25.686490
1903	2765.308404	90.654091	7.128960	0.675031	26.347278
1905	2767.378043	90.391169	7.164927	0.676814	25.185671
1907	2769.447585	90.002564	7.244745	0.679970	25.978748
1909	2771.516236	90.465019	7.232175	0.677741	24.893436
1911	2773.584687	90.107113	7.395810	0.680914	25.710824
1913	2775.652991	90.391010	7.461178	0.680405	25.437476
1915	2777.721177	89.881074	7.404681	0.686708	25.712827
1917	2779.789041	89.926962	7.479914	0.687080	25.391405
1919	2781.856473	89.886512	7.499052	0.688531	25.310009
1921	2783.923218	89.815478	7.572021	0.689809	25.432189
1923	2785.990172	89.732379	7.595679	0.690867	25.301694
1925	2788.057566	89.763171	7.689730	0.690820	25.635110
1927	2790.125053	90.427119	8.628513	0.699518	25.363739
1929	2792.192665	89.633121	7.623803	0.693469	25.380747
1931	2794.261125	89.460681	7.968580	0.701096	24.966253
1933	2796.329528	90.050864	8.669448	0.702375	24.883295
1935	2798.398029	88.604519	7.834653	0.699899	24.790655
1937	2800.466376	88.982741	7.808916	0.699130	24.656665
1939	2802.534806	88.692545	8.047765	0.707926	24.714698
1941	2804.604194	88.985726	7.849925	0.704343	24.553905
1943	2806.672982	89.454030	8.754580	0.711769	25.284790
1945	2808.742563	88.332973	8.042313	0.707304	24.377963
1947	2810.812134	88.147585	8.060390	0.710859	24.043100
1949	2812.882515	88.017226	8.070369	0.711149	24.812245
1951	2814.952272	87.519757	8.160777	0.715202	24.509880
1953	2817.021880	87.692110	8.193789	0.715935	23.763703
1955	2819.091518	87.543554	8.220743	0.716478	23.945845
1957	2821.160322	87.454047	8.256730	0.716874	23.711594
1959	2823.229346	87.536832	8.348445	0.718781	24.498925
1961	2825.297761	87.535537	8.334364	0.718359	24.265739
1963	2827.365892	87.248370	8.398207	0.723351	24.029717
1965	2829.433470	87.352749	8.515646	0.724996	23.724689
1967	2831.501415	88.351420	9.285540	0.735769	24.023019
1969	2833.568354	87.358371	8.540854	0.725786	23.609466
1971	2835.635094	87.310746	8.584341	0.734465	24.090654
1973	2837.702360	86.810205	8.611387	0.730749	24.363228
1975	2839.769882	86.538785	8.659710	0.732657	23.180824
1977	2841.837183	86.442334	8.621986	0.732823	22.781662
1979	2843.905092	86.628861	8.649353	0.732742	22.688848
1981	2845.973601	86.444556	8.630002	0.735055	23.643211
1983	2848.041858	86.284620	8.817006	0.737602	23.528324
1985	2850.110098	86.236994	8.754521	0.738654	23.032296
1987	2852.178847	86.006097	8.854665	0.741198	23.155924
1989	2854.247744	85.862859	8.830345	0.742747	23.279994
1991	2856.316561	86.941455	9.741282	0.751347	22.744250
1993	2858.385269	85.817783	8.880015	0.746572	22.692397
1995	2860.454929	85.622686	8.976669	0.748819	23.147067
1997	2862.524661	85.427192	9.014199	0.749768	22.876208
1999	2864.594665	84.938889	9.115015	0.756684	22.538029
2001	2866.664535	84.954972	9.148680	0.759153	23.332156
2003	2868.734015	84.394524	9.196775	0.761124	22.077315
2005	2870.803517	84.858076	9.238756	0.761132	22.363616
2007	2872.872143	84.408105	9.283211	0.763363	22.617841
2009	2874.940733	84.767250	9.323097	0.760561	22.341888
2011	2877.009400	84.652484	9.362076	0.763997	22.494746
2013	2879.077577	84.235781	9.385977	0.768316	23.196821
2015	2881.144812	84.460830	9.487225	0.767612	21.983377
2017	2883.211985	84.341954	9.455379	0.771853	21.697704
2019	2885.279218	84.351881	9.552128	0.770606	22.143668
2021	2887.346033	84.175525	9.550187	0.773139	22.358853
2023	2889.412986	83.960810	9.620913	0.774792	22.483778
2025	2891.480424	83.961547	9.582127	0.774710	22.672877
2027	2893.548193	84.073365	9.867795	0.783103	22.172359
2029	2895.615961	83.849716	9.693341	0.777606	21.596037
2031	2897.684203	84.883913	10.418046	0.789459	22.396799
2033	2899.752787	83.265799	9.788094	0.783013	22.115082
2035	2901.821092	83.639042	9.725692	0.782352	21.504450
2037	2903.889461	84.290173	10.640145	0.791246	21.796281
2039	2905.958576	83.128706	9.881101	0.788912	21.323690
2041	2908.027404	83.131503	9.890082	0.790151	21.176171
2043	2910.096730	83.211116	9.880519	0.790552	22.872454
2045	2912.166353	82.804218	10.003135	0.794327	21.213902
2047	2914.236290	82.668356	10.073290	0.797329	21.503017
2049	2916.306081	82.482807	10.122494	0.799714	21.293509
2051	2918.375608	82.392909	10.171797	0.804277	21.138867
2053	2920.444900	82.367171	10.251706	0.802513	21.713707
2055	2922.514163	82.068525	10.237666	0.808143	21.315801
2057	2924.583175	82.220722	10.315528	0.809274	20.714652
2059	2926.651322	82.278177	10.386165	0.811724	21.190191
2061	2928.719373	81.862684	10.410729	0.814711	20.935141
2063	2930.787174	81.807611	10.482194	0.815993	22.228649
2065	2932.854145	81.734404	10.445582	0.819276	20.887975
2067	2934.921423	81.744258	10.466591	0.819441	20.392588
2069	2936.988404	81.652616	10.519859	0.822160	20.656004
2071	2939.055496	81.602348	10.584092	0.821274	20.837336
2073	2941.122437	81.296528	10.580544	0.823380	20.833590
2075	2943.190172	81.422299	10.580658	0.821622	20.002159
2077	2945.257834	81.264758	10.632227	0.824020	20.878525
2079	2947.326260	81.278841	10.680994	0.828433	20.336424
2081	2949.394425	81.341882	10.553723	0.825747	20.505728
2083	2951.462877	81.164230	10.627732	0.828138	20.539852
2085	2953.531463	80.777803	10.688231	0.831729	20.304222
2087	2955.599884	80.928330	10.709128	0.832305	20.187962
2089	2957.668715	80.478545	10.863613	0.837163	19.815100
2091	2959.737850	80.593944	10.870584	0.839902	19.618878
2093	2961.806639	80.120337	10.907035	0.844605	19.924146
2095	2963.876604	80.146458	10.935683	0.846503	20.169870
2097	2965.946531	80.072756	10.950903	0.849283	19.474016
2099	2968.016179	79.897761	11.029146	0.853052	20.611159
2101	2970.085777	80.422791	10.988356	0.843571	20.231410
2103	2972.155178	79.602646	11.081348	0.856172	19.328742
2105	2974.223968	79.204287	11.128140	0.860530	19.735653
2107	2976.292669	79.447408	11.168279	0.861215	19.159659
2109	2978.360712	79.736277	11.212000	0.859706	19.025779
2111	2980.428381	79.336471	11.222000	0.867081	19.719185
2113	2982.496014	79.458595	11.211118	0.867547	19.934845
2115	2984.562940	79.328286	11.321377	0.868773	19.705818
2117	2986.630429	79.306619	11.317667	0.871211	19.660241
2119	2988.696938	79.286611	11.288180	0.874532	19.353836
2121	2990.764059	79.227435	11.383408	0.870244	19.389571
2123	2992.831812	78.914403	11.322355	0.877711	19.649538
2125	2994.899166	78.802343	11.366619	0.878691	18.886017
2127	2996.967477	78.376793	11.394855	0.879651	18.895876
2129	2999.035710	78.649762	11.460561	0.879042	19.340725
2131	3001.103610	78.389455	11.470953	0.883209	19.276922
2133	3003.172423	78.503889	11.492199	0.883316	19.229829
2135	3005.240937	78.404968	11.536948	0.884015	19.152957
2137	3007.309192	78.371894	11.601042	0.884866	18.740786
2139	3009.378812	78.272297	11.564661	0.887664	18.435207
2141	3011.447761	78.066256	11.623711	0.891453	18.402481
2143	3013.516858	77.787542	11.675092	0.898444	18.681281
2145	3015.586561	77.877659	11.725455	0.900893	18.594540
2147	3017.656244	77.321975	11.722653	0.903639	18.596049
2149	3019.725659	77.539061	11.727996	0.907132	18.609075
2151	3021.795213	77.365938	11.771205	0.908606	18.786558
2153	3023.864713	77.302290	11.770748	0.912662	19.033909
2155	3025.932796	77.300971	11.860386	0.911042	19.169884
2157	3028.001181	77.334804	11.854444	0.917634	18.727812
2159	3030.069416	77.153786	11.875277	0.918140	18.535305
2161	3032.136846	77.100235	11.939629	0.918937	18.195561
2163	3034.204124	77.219568	11.931034	0.921109	18.415551
2165	3036.271324	76.956880	11.954897	0.925683	18.870308
2167	3038.337836	77.048702	11.947167	0.925660	18.127352
2169	3040.405236	76.790507	11.961969	0.928439	18.581095
2171	3042.472656	76.560736	12.049666	0.928381	18.211702
2173	3044.540024	76.615264	12.030122	0.929678	17.536459
2175	3046.608058	76.533808	12.065129	0.930920	17.568285
2177	3048.675883	76.268646	12.055785	0.931658	17.758158
2179	3050.744155	76.243681	12.072232	0.933895	18.014144
2181	3052.812950	75.886039	12.120446	0.936708	17.670343
2183	3054.880812	75.951104	12.124159	0.938779	17.585768
2185	3056.949850	75.907345	12.203802	0.941219	17.733719
2187	3059.018854	75.912515	12.152732	0.940157	17.430311
2189	3061.087445	75.954586	12.224848	0.946362	18.067779
2191	3063.156923	75.614859	12.235289	0.950194	17.162961
2193	3065.226627	75.526951	12.255647	0.953983	17.384351
2195	3067.295551	75.248543	12.266773	0.957579	17.488843
2197	3069.365706	75.381711	12.290059	0.961291	17.557254
2199	3071.435675	75.280817	12.347414	0.962071	17.968177
2201	3073.504220	75.190694	12.359142	0.965008	17.571854
2203	3075.572946	75.224975	12.367529	0.966968	17.875057
2205	3077.641742	75.022740	12.407731	0.969334	17.505370
2207	3079.709546	74.974690	12.425870	0.971358	17.153379
2209	3081.777240	74.874155	12.393029	0.974848	17.215696
2211	3083.844639	74.978418	12.472225	0.976997	17.274814
2213	3085.911909	74.910578	12.462061	0.980419	17.666451
2215	3087.978666	74.798133	12.476031	0.979729	17.161770
2217	3090.045713	74.688404	12.484522	0.981645	16.629559
2219	3092.113007	74.670580	12.489334	0.985399	17.170483
2221	3094.180533	74.401134	12.556005	0.985547	17.200896
2223	3096.248526	74.337132	12.533862	0.988852	17.273055
2225	3098.316477	74.063678	12.619074	0.987479	16.437225
2227	3100.384995	74.093055	12.558451	0.992322	17.043043
2229	3102.453585	74.193667	12.639736	0.991685	16.985112
2231	3104.521478	74.073340	12.611706	0.997800	16.935901
2233	3106.590266	73.824256	12.592766	1.000658	16.621813
2235	3108.658673	73.661427	12.669043	1.000009	16.770325
2237	3110.727699	73.735947	12.648595	1.005866	16.886084
2239	3112.796824	73.468085	12.687058	1.007100	16.119519
2241	3114.865964	73.492696	12.708850	1.008437	16.970456
2243	3116.935612	73.208585	12.689292	1.013339	16.432182
2245	3119.004772	73.303863	12.741615	1.016290	16.655828
2247	3121.074289	73.487226	12.802417	1.025209	16.535639
2249	3123.143865	73.053337	12.839360	1.020283	16.448507
2251	3125.212239	73.173724	12.823337	1.025195	16.223571
2253	3127.280979	73.233768	12.776278	1.029941	15.885647
2255	3129.349328	72.850283	12.795070	1.029188	16.793624
2257	3131.416752	72.899103	12.848354	1.029011	16.115231
2259	3133.484478	72.805950	12.824349	1.031776	16.235084
2261	3135.551793	72.641193	12.820891	1.033690	16.528136
2263	3137.618884	72.708248	12.831964	1.035878	16.654594
2265	3139.685668	72.510910	12.826563	1.037629	16.059226
2267	3141.752823	72.556379	12.828347	1.039699	15.994843
2269	3143.820260	72.509731	12.878570	1.042084	15.821539
2271	3145.888262	72.332995	12.863269	1.044184	16.056082
2273	3147.956181	72.028458	12.858118	1.044810	15.470040
2275	3150.024329	71.956505	12.847668	1.048439	15.783949
2277	3152.092705	72.093632	12.896355	1.047618	15.980521
2279	3154.160912	71.889905	12.853088	1.052602	15.711188
2281	3156.229050	71.728643	12.877055	1.055409	15.482755
2283	3158.297818	71.802211	12.896586	1.058257	15.563889
2285	3160.366209	71.617943	12.887433	1.059779	15.569424
2287	3162.435095	71.770118	12.903579	1.065140	15.444552
2289	3164.504830	71.712228	12.909672	1.067935	15.823133
2291	3166.574332	71.365912	12.913858	1.069728	15.543645
2293	3168.643640	71.318768	12.903997	1.071268	15.877489
2295	3170.712999	71.129347	12.928876	1.074062	15.306755
2297	3172.782192	70.986448	12.942606	1.076224	15.502369
2299	3174.851486	71.117105	12.938657	1.079263	15.902704
2301	3176.920178	71.003565	12.917469	1.081057	15.414689
2303	3178.989127	70.884717	12.934879	1.083415	14.981898
2305	3181.056843	70.677081	12.959459	1.083409	15.564264
2307	3183.124122	70.940600	12.943784	1.090564	15.469092
2309	3185.191652	70.729451	12.938643	1.089389	15.559555
2311	3187.258957	70.583411	12.906932	1.091389	15.299086
2313	3189.325587	70.612074	12.974073	1.092684	15.166816
2315	3191.392475	70.770900	12.951925	1.097819	15.293787
2317	3193.459990	70.540451	12.939164	1.097846	15.378235
2319	3195.527755	70.443582	12.923685	1.099158	14.948143
2321	3197.595582	70.283603	12.930018	1.102664	15.108454
2323	3199.663861	70.140735	12.908739	1.104026	14.816615
2325	3201.731906	69.900335	12.944939	1.107152	14.354411
2327	3203.800562	69.773919	12.921833	1.107624	14.468074
2329	3205.868749	69.802206	12.915038	1.111368	14.183550
2331	3207.936921	69.757766	12.937526	1.113620	14.665347
2333	3210.005657	69.833626	12.945953	1.118083	14.501614
2335	3212.074072	69.658796	12.951160	1.118059	14.633606
2337	3214.143392	69.465431	12.950719	1.120498	14.401309
2339	3216.213092	69.291469	12.963206	1.122479	14.570938
2341	3218.282096	69.124813	12.928297	1.126630	14.352637
2343	3220.352062	69.318064	12.947633	1.128051	14.996220
2345	3222.420997	69.158116	12.933702	1.132069	14.267366
2347	3224.490203	69.370953	12.943544	1.137222	14.587165
2349	3226.558737	69.145421	12.955713	1.139015	14.516849
2351	3228.627580	68.983446	12.957683	1.139420	14.550125
2353	3230.695596	68.671075	12.923462	1.140501	14.565051
2355	3232.763246	69.069675	12.934046	1.146286	14.654475
2357	3234.830558	68.830760	12.902886	1.145026	14.739789
2359	3236.897793	68.353135	12.896477	1.147241	14.424681
2361	3238.965185	68.655452	12.866682	1.149040	14.179042
2363	3241.032224	68.541456	12.880705	1.150762	13.972807
2365	3243.099591	69.232121	12.890826	1.158654	14.167054
2367	3245.167076	68.339768	12.826385	1.154936	14.191849
2369	3247.234913	68.355821	12.847823	1.158048	14.377678
2371	3249.302846	68.202360	12.835737	1.159642	13.862294
2373	3251.371139	68.120746	12.825339	1.161776	14.246867
2375	3253.439820	68.070057	12.804303	1.163707	13.597600
2377	3255.508063	67.950050	12.834846	1.168078	13.648724
2379	3257.576218	67.871769	12.798856	1.169128	14.302683
2381	3259.645079	67.669165	12.843800	1.170549	13.742280
2383	3261.713645	67.992506	12.803798	1.176854	14.103604
2385	3263.782834	67.710736	12.814521	1.177873	13.996557
2387	3265.851581	67.585650	12.820704	1.178741	14.072434
2389	3267.921294	67.320394	12.805162	1.178847	13.612097
2391	3269.990370	67.417761	12.778558	1.185294	13.466423
2393	3272.059773	67.570699	12.799554	1.189433	13.725756
2395	3274.128727	67.342403	12.756422	1.190611	13.914588
2397	3276.197697	66.961762	12.760368	1.190049	13.910359
2399	3278.266075	66.947992	12.746883	1.191930	13.813253
2401	3280.334511	67.003687	12.719904	1.194937	13.993203
2403	3282.402317	67.091596	12.713564	1.199008	14.547706
2405	3284.469979	66.905733	12.736430	1.198213	13.789984
2407	3286.537017	66.798075	12.713906	1.201078	13.548858
2409	3288.604151	66.683248	12.681042	1.202269	13.932444
2411	3290.671815	66.840139	12.712886	1.206148	13.320110
2413	3292.738778	66.849784	12.659138	1.208890	13.056542
2415	3294.805954	66.591786	12.636595	1.208500	13.863362
2417	3296.874102	66.404496	12.612049	1.209731	13.479167
2419	3298.941818	65.990044	12.646896	1.212131	13.215894
2421	3301.009770	66.112924	12.606699	1.212873	14.104481
2423	3303.078164	66.001519	12.636796	1.215633	13.467780
2425	3305.146247	66.135796	12.564016	1.221567	13.093112
2427	3307.214904	66.114407	12.575096	1.225393	13.651618
2429	3309.283182	65.808510	12.560296	1.222998	13.098937
2431	3311.351777	65.774401	12.511503	1.226821	13.113182
2433	3313.420105	65.480033	12.518010	1.228382	13.218404
2435	3315.489571	65.622683	12.494537	1.232018	13.827281
2437	3317.559082	65.402768	12.515845	1.234597	13.281126
2439	3319.628272	65.470649	12.466430	1.236420	13.400634
2441	3321.697206	65.494543	12.447956	1.238556	13.068905
2443	3323.766423	65.372729	12.438039	1.240251	12.798709
2445	3325.835363	65.335240	12.450672	1.243400	13.261802
2447	3327.904879	65.215974	12.427519	1.245077	12.722673
2449	3329.972290	65.165605	12.377084	1.247467	13.184115
2451	3332.040785	65.247554	12.384403	1.251591	12.858404
2453	3334.108195	65.085223	12.336926	1.252914	12.935548
2455	3336.175952	65.058581	12.352830	1.254530	13.139072
2457	3338.243380	65.014795	12.331362	1.255681	12.882538
2459	3340.310007	64.708447	12.336908	1.255226	12.938716
2461	3342.377341	65.158214	12.331845	1.261564	13.249645
2463	3344.444984	64.693905	12.303443	1.261530	12.896053
2465	3346.512383	64.634722	12.248852	1.262099	12.865146
2467	3348.580472	64.597417	12.237296	1.264535	12.568290
2469	3350.648621	64.373655	12.257153	1.266760	12.630365
2471	3352.716450	64.830437	12.251597	1.273125	12.544145
2473	3354.784847	64.274572	12.219333	1.271616	12.612513
2475	3356.853218	64.212732	12.216369	1.275375	12.291834
2477	3358.921890	64.095760	12.167927	1.277036	12.468161
2479	3360.990032	63.928349	12.113967	1.276950	12.762613
2481	3363.058856	64.036416	12.128661	1.280538	12.767362
2483	3365.127634	63.826516	12.100214	1.281941	12.581520
2485	3367.196493	63.758542	12.085160	1.283973	12.729845
2487	3369.265123	63.628341	12.081196	1.286664	12.227627
2489	3371.334390	63.597732	12.061652	1.288581	12.423825
2491	3373.403249	63.599010	12.019821	1.291515	12.461975
2493	3375.472228	63.190794	11.997407	1.290689	12.312923
2495	3377.541462	63.495998	11.982428	1.294440	12.622417
2497	3379.610088	63.247037	11.987349	1.296481	12.162127
2499	3381.677999	63.323693	11.968770	1.298862	12.576642
2501	3383.745730	63.141980	11.956522	1.301434	12.247369
2503	3385.812695	63.127276	11.932408	1.303521	12.115488
2505	3387.881078	63.246087	11.890078	1.304005	12.653206
2507	3389.948038	63.128116	11.895170	1.305740	12.444233
2509	3392.015004	62.890511	11.870567	1.305680	11.853610
2511	3394.082527	62.779997	11.833929	1.307683	12.068585
2513	3396.150314	62.840155	11.834530	1.312380	11.942089
2515	3398.217517	63.135379	11.822172	1.316469	11.879813
2517	3400.286306	62.586373	11.789052	1.315604	12.265307
2519	3402.353731	62.494958	11.742265	1.316116	11.998349
2521	3404.422591	62.346054	11.720291	1.317887	12.162676
2523	3406.490601	62.287926	11.722479	1.322317	11.778782
2525	3408.559318	62.085918	11.692781	1.322145	11.881110
2527	3410.627262	62.201230	11.645387	1.325190	11.685629
2529	3412.695634	62.179823	11.637351	1.328552	11.589394
2531	3414.764418	62.047344	11.639233	1.330045	11.899640
2533	3416.832792	61.704611	11.589361	1.331767	11.902217
2535	3418.902402	62.019993	11.553255	1.335724	11.799983
2537	3420.970685	61.826842	11.534102	1.336766	12.001458
2539	3423.040660	61.707763	11.537191	1.336356	11.908955
2541	3425.109604	61.732789	11.538658	1.341417	11.707005
2543	3427.178126	61.663881	11.507590	1.341630	11.875516
2545	3429.246485	61.257205	11.456845	1.342952	11.942491
2547	3431.315205	61.313165	11.355933	1.341501	11.927193
2549	3433.383145	61.401350	11.406805	1.346598	12.027022
2551	3435.450462	61.360441	11.360622	1.347860	11.968644
2553	3437.518373	61.338428	11.373945	1.350143	11.990284
2555	3439.585532	61.200080	11.318748	1.352732	11.683748
2557	3441.652573	61.230490	11.287743	1.352443	11.831762
2559	3443.719695	61.083357	11.291997	1.353732	11.328565
2561	3445.787310	61.129051	11.266037	1.357262	11.469823
2563	3447.855047	60.771473	11.229416	1.356318	11.605972
2565	3449.923200	60.910970	11.187227	1.360717	11.432997
2567	3451.991246	60.700175	11.169073	1.360455	11.442854
2569	3454.059637	60.550975	11.169179	1.363690	11.483077
2571	3456.127866	60.325899	11.125312	1.364326	11.292607
2573	3458.196417	60.378859	11.072312	1.365933	11.228943
2575	3460.264151	60.415790	11.080207	1.369643	11.181327
2577	3462.332552	60.312108	11.010212	1.370691	11.915115
2579	3464.400897	60.239766	10.985491	1.372735	11.144212
2581	3466.469501	60.293690	11.012232	1.375114	11.220092
2583	3468.538619	60.566485	10.957293	1.382255	11.453067
2585	3470.608274	60.150252	10.915932	1.380299	11.310414
2587	3472.676433	59.975345	10.894062	1.380733	11.550024
2589	3474.745615	60.157840	10.858771	1.385652	11.371316
2591	3476.814836	59.824815	10.817423	1.384461	10.730155
2593	3478.882427	59.666048	10.797939	1.385222	11.522649
2595	3480.951088	59.832280	10.789019	1.387380	11.102604
2597	3483.019320	59.634784	10.755678	1.387994	10.859785
2599	3485.087033	59.693711	10.720231	1.390014	11.194461
2601	3487.155100	59.766116	10.686787	1.392626	11.200214
2603	3489.221816	59.869271	10.671141	1.396509	10.913140
2605	3491.289347	59.514692	10.627714	1.394554	11.404562
2607	3493.356364	59.246251	10.622276	1.394743	11.038349
2609	3495.424791	59.282666	10.566592	1.395595	11.174855
2611	3497.491954	59.255472	10.528311	1.397120	11.087884
2613	3499.559506	59.491803	10.547517	1.403383	11.230785
2615	3501.627448	58.942941	10.513185	1.398094	10.855993
2617	3503.695882	58.981780	10.463804	1.402990	10.828755
2619	3505.763651	58.777180	10.446307	1.404811	10.709454
2621	3507.832771	58.925882	10.445985	1.408099	10.993280
2623	3509.900244	58.887169	10.373966	1.410541	10.618935
2625	3511.968840	58.668981	10.375869	1.411323	10.759992
2627	3514.036812	58.591460	10.336716	1.410707	10.735474
2629	3516.106172	58.681371	10.298494	1.416531	10.374717
2631	3518.174429	58.568463	10.221799	1.416517	10.996927
2633	3520.243540	58.563583	10.221921	1.420331	10.803937
2635	3522.313142	58.373767	10.178382	1.420090	10.814116
2637	3524.381248	58.248505	10.157825	1.423215	10.611152
2639	3526.449950	58.315082	10.097734	1.424369	10.664287
2641	3528.518924	58.347387	10.101257	1.426500	10.599098
2643	3530.586938	58.123108	10.035162	1.425963	11.194529
2645	3532.654728	58.050403	10.003599	1.428013	11.110593
2647	3534.722223	58.066833	9.973508	1.427149	10.907769
2649	3536.790309	57.936662	9.967952	1.431122	10.703782
2651	3538.857625	58.059249	9.913908	1.432744	10.484570
2653	3540.924667	57.772299	9.894164	1.430699	10.607180
2655	3542.993026	57.872420	9.887150	1.434803	10.739430
2657	3545.059883	57.698403	9.874241	1.435165	10.340939
2659	3547.127633	57.535678	9.831817	1.434693	10.359498
2661	3549.195640	57.674769	9.767169	1.439396	10.381766
2663	3551.263543	57.460774	9.802824	1.438069	10.198225
2665	3553.331147	57.497476	9.693626	1.442108	10.411353
2667	3555.400048	57.379513	9.683880	1.443379	9.926068
2669	3557.467197	57.168946	9.709063	1.442510	10.091580
2671	3559.536058	57.137586	9.641552	1.445318	10.421783
2673	3561.603948	57.167431	9.557219	1.447454	10.122965
2675	3563.672560	57.031959	9.557753	1.448913	10.399242
2677	3565.740843	56.848977	9.540887	1.448288	10.575007
2679	3567.809847	56.975099	9.457443	1.453889	10.395443
2681	3569.878167	56.861256	9.431939	1.455281	10.398616
2683	3571.946976	56.754512	9.403656	1.454811	10.348770
2685	3574.015921	56.820733	9.368069	1.458099	10.011891
2687	3576.084212	56.767189	9.347372	1.459329	10.527998
2689	3578.153196	56.636241	9.286893	1.460439	10.852579
2691	3580.222241	56.578036	9.249149	1.462198	10.404522
2693	3582.289719	56.491158	9.206638	1.462639	10.725472
2695	3584.357546	56.719768	9.214027	1.467168	10.299201
2697	3586.425504	56.552653	9.134169	1.465500	10.150405
2699	3588.492894	56.444005	9.127373	1.467281	10.476550
2701	3590.560245	56.426880	9.088779	1.468620	9.961998
2703	3592.627883	56.481056	9.058782	1.471398	10.290701
2705	3594.694811	56.283645	9.002457	1.470649	10.200259
2707	3596.762753	56.240292	8.975285	1.471510	9.805349
2709	3598.830778	56.236784	8.967044	1.473832	10.304711
2711	3600.898880	56.313273	8.932698	1.477549	9.622612
2713	3602.966471	56.081909	8.889347	1.475468	9.711555
2715	3605.034890	55.864692	8.865722	1.475983	9.903532
2717	3607.102516	55.955758	8.803026	1.479515	9.361994
2719	3609.170887	55.783136	8.835509	1.479696	9.988278
2721	3611.239069	55.630827	8.746100	1.480329	10.150333
2723	3613.308820	55.737767	8.667900	1.480807	9.989306
2725	3615.377571	55.893181	8.585644	1.482882	10.208905
2727	3617.447156	58.000182	9.091271	1.520310	10.186980
2729	3619.515972	58.048802	8.806857	1.518202	9.922222
2731	3621.585537	51.477698	1.558758	1.475620	10.116428
2733	3623.655121	58.277596	9.151087	1.555189	10.458062
2735	3625.724430	56.225496	8.286043	1.488348	10.077901
2737	3627.794142	56.311526	8.277759	1.488510	9.910498
2739	3629.862813	55.407862	8.157885	1.480129	10.343486
2741	3631.932195	55.393247	8.431077	1.485931	10.157973
2743	3634.000524	57.199540	9.631066	1.558105	10.616873
2745	3636.068739	56.659220	8.015644	1.494070	10.489350
2747	3638.136799	55.308502	8.067975	1.485328	10.451900
2749	3640.204840	56.125447	8.387764	1.559544	10.443421
2749	3640.204840	55.860077	8.353443	1.559544	10.443421
2749	3640.204840	55.860077	8.353443	1.559544	10.443421
2749	3640.204840	55.860077	8.353443	1.559544	10.443421
2749	3640.204840	55.860077	8.353443	1.559544	10.443421
2751	3642.273090	57.527045	8.439769	1.509453	10.418524
2753	3644.341597	59.089851	8.056298	1.528586	10.314455
2755	3646.409638	58.827077	7.806578	1.522914	10.433857
2757	3648.477831	57.103468	7.685070	1.499263	10.561620
