crossing time (s)	slope (V/s)	crossing number
281474976710655.000000	36.880482	1600	0.000000
281474976710655.000000	38.852348	1601	0.000000
281474976710655.000000	36.536152	1602	0.000000
281474976710655.000000	38.688259	1603	0.000000
281474976710655.000000	38.813007	1604	0.000000
281474976710655.000000	38.526108	1605	0.000000
281474976710655.000000	43.126240	1606	0.000000
281474976710655.000000	34.032490	1607	0.000000
281474976710655.000000	35.963829	1608	0.000000
281474976710655.000000	34.054977	1609	0.000000
281474976710655.000000	38.695824	1610	0.000000
281474976710655.000000	40.106575	1611	0.000000
281474976710655.000000	36.661148	1612	0.000000
281474976710655.000000	33.707214	1613	0.000000
281474976710655.000000	37.985378	1614	0.000000
281474976710655.000000	38.404572	1615	0.000000
281474976710655.000000	39.551849	1616	0.000000
281474976710655.000000	42.119884	1617	0.000000
281474976710655.000000	33.148209	1618	0.000000
281474976710655.000000	38.298584	1619	0.000000
281474976710655.000000	31.370911	1620	0.000000
281474976710655.000000	37.565411	1621	0.000000
281474976710655.000000	35.599327	1622	0.000000
281474976710655.000000	32.971054	1623	0.000000
281474976710655.000000	33.163914	1624	0.000000
281474976710655.000000	33.025082	1625	0.000000
281474976710655.000000	37.890110	1626	0.000000
281474976710655.000000	33.036324	1627	0.000000
281474976710655.000000	31.267738	1628	0.000000
281474976710655.000000	41.711117	1629	0.000000
281474976710655.000000	35.302547	1630	0.000000
281474976710655.000000	35.439835	1631	0.000000
281474976710655.000000	35.849323	1632	0.000000
281474976710655.000000	32.861870	1633	0.000000
281474976710655.000000	32.722130	1634	0.000000
281474976710655.000000	31.384720	1635	0.000000
281474976710655.000000	32.331253	1636	0.000000
281474976710655.000000	33.000305	1637	0.000000
281474976710655.000000	36.863243	1638	0.000000
281474976710655.000000	40.660000	1639	0.000000
281474976710655.000000	41.141361	1640	0.000000
281474976710655.000000	32.601177	1641	0.000000
281474976710655.000000	36.629948	1642	0.000000
281474976710655.000000	35.274837	1643	0.000000
281474976710655.000000	36.413113	1644	0.000000
281474976710655.000000	34.752899	1645	0.000000
281474976710655.000000	42.636024	1646	0.000000
281474976710655.000000	43.053104	1647	0.000000
281474976710655.000000	34.694542	1648	0.000000
281474976710655.000000	37.853115	1649	0.000000
281474976710655.000000	36.331573	1650	0.000000
281474976710655.000000	35.712578	1651	0.000000
281474976710655.000000	36.314545	1652	0.000000
281474976710655.000000	34.310928	1653	0.000000
281474976710655.000000	36.348278	1654	0.000000
281474976710655.000000	36.038681	1655	0.000000
281474976710655.000000	34.055630	1656	0.000000
281474976710655.000000	35.988308	1657	0.000000
281474976710655.000000	30.068369	1658	0.000000
281474976710655.000000	31.908785	1659	0.000000
281474976710655.000000	37.309498	1660	0.000000
281474976710655.000000	37.112324	1661	0.000000
281474976710655.000000	35.622528	1662	0.000000
281474976710655.000000	33.681171	1663	0.000000
281474976710655.000000	33.277821	1664	0.000000
281474976710655.000000	38.997196	1665	0.000000
281474976710655.000000	36.960300	1666	0.000000
281474976710655.000000	36.006721	1667	0.000000
281474976710655.000000	33.803516	1668	0.000000
281474976710655.000000	32.120956	1669	0.000000
281474976710655.000000	35.097332	1670	0.000000
281474976710655.000000	33.524181	1671	0.000000
281474976710655.000000	36.723118	1672	0.000000
281474976710655.000000	36.497330	1673	0.000000
281474976710655.000000	35.567112	1674	0.000000
281474976710655.000000	36.242882	1675	0.000000
281474976710655.000000	35.896244	1676	0.000000
281474976710655.000000	33.196251	1677	0.000000
281474976710655.000000	34.965454	1678	0.000000
281474976710655.000000	38.609558	1679	0.000000
281474976710655.000000	31.441948	1680	0.000000
281474976710655.000000	33.021164	1681	0.000000
281474976710655.000000	33.755459	1682	0.000000
281474976710655.000000	35.991024	1683	0.000000
281474976710655.000000	32.870903	1684	0.000000
281474976710655.000000	34.961269	1685	0.000000
281474976710655.000000	30.001490	1686	0.000000
281474976710655.000000	31.291737	1687	0.000000
281474976710655.000000	28.599783	1688	0.000000
281474976710655.000000	33.101315	1689	0.000000
281474976710655.000000	30.023539	1690	0.000000
281474976710655.000000	32.104725	1691	0.000000
281474976710655.000000	36.106255	1692	0.000000
281474976710655.000000	34.387878	1693	0.000000
281474976710655.000000	34.951935	1694	0.000000
281474976710655.000000	30.323168	1695	0.000000
281474976710655.000000	29.790079	1696	0.000000
281474976710655.000000	33.587852	1697	0.000000
281474976710655.000000	35.335503	1698	0.000000
281474976710655.000000	31.516424	1699	0.000000
281474976710655.000000	29.837896	1700	0.000000
281474976710655.000000	34.080444	1701	0.000000
281474976710655.000000	34.551010	1702	0.000000
281474976710655.000000	29.808613	1703	0.000000
281474976710655.000000	32.482327	1704	0.000000
281474976710655.000000	35.259644	1705	0.000000
281474976710655.000000	31.809156	1706	0.000000
281474976710655.000000	34.088963	1707	0.000000
281474976710655.000000	31.203508	1708	0.000000
281474976710655.000000	31.070995	1709	0.000000
281474976710655.000000	29.236376	1710	0.000000
281474976710655.000000	33.754028	1711	0.000000
281474976710655.000000	34.818439	1712	0.000000
281474976710655.000000	33.596516	1713	0.000000
281474976710655.000000	33.207905	1714	0.000000
281474976710655.000000	33.244736	1715	0.000000
281474976710655.000000	31.664137	1716	0.000000
281474976710655.000000	30.751888	1717	0.000000
281474976710655.000000	32.808460	1718	0.000000
281474976710655.000000	30.647243	1719	0.000000
281474976710655.000000	33.181103	1720	0.000000
281474976710655.000000	33.110630	1721	0.000000
281474976710655.000000	34.490952	1722	0.000000
281474976710655.000000	35.688980	1723	0.000000
281474976710655.000000	32.231106	1724	0.000000
281474976710655.000000	33.001244	1725	0.000000
281474976710655.000000	33.077450	1726	0.000000
281474976710655.000000	33.235538	1727	0.000000
281474976710655.000000	32.558140	1728	0.000000
281474976710655.000000	32.837963	1729	0.000000
281474976710655.000000	29.221415	1730	0.000000
281474976710655.000000	30.551367	1731	0.000000
281474976710655.000000	28.491550	1732	0.000000
281474976710655.000000	32.693771	1733	0.000000
281474976710655.000000	29.751770	1734	0.000000
281474976710655.000000	35.364353	1735	0.000000
281474976710655.000000	29.182560	1736	0.000000
281474976710655.000000	32.219318	1737	0.000000
281474976710655.000000	34.745365	1738	0.000000
281474976710655.000000	33.707024	1739	0.000000
281474976710655.000000	30.352272	1740	0.000000
281474976710655.000000	27.897505	1741	0.000000
281474976710655.000000	32.080559	1742	0.000000
281474976710655.000000	32.050167	1743	0.000000
281474976710655.000000	32.262886	1744	0.000000
281474976710655.000000	36.460026	1745	0.000000
281474976710655.000000	31.934454	1746	0.000000
281474976710655.000000	35.809147	1747	0.000000
281474976710655.000000	31.181105	1748	0.000000
281474976710655.000000	33.448490	1749	0.000000
281474976710655.000000	32.332672	1750	0.000000
281474976710655.000000	31.310076	1751	0.000000
281474976710655.000000	35.869709	1752	0.000000
281474976710655.000000	29.294767	1753	0.000000
281474976710655.000000	29.207220	1754	0.000000
281474976710655.000000	32.152092	1755	0.000000
281474976710655.000000	38.430962	1756	0.000000
281474976710655.000000	32.406513	1757	0.000000
281474976710655.000000	28.145693	1758	0.000000
281474976710655.000000	30.111109	1759	0.000000
281474976710655.000000	29.421831	1760	0.000000
281474976710655.000000	31.864693	1761	0.000000
281474976710655.000000	30.911901	1762	0.000000
281474976710655.000000	28.438375	1763	0.000000
281474976710655.000000	27.693026	1764	0.000000
281474976710655.000000	28.658445	1765	0.000000
281474976710655.000000	28.931061	1766	0.000000
281474976710655.000000	28.132151	1767	0.000000
281474976710655.000000	32.504337	1768	0.000000
281474976710655.000000	31.176638	1769	0.000000
281474976710655.000000	29.194553	1770	0.000000
281474976710655.000000	32.301361	1771	0.000000
281474976710655.000000	33.782063	1772	0.000000
281474976710655.000000	33.344872	1773	0.000000
281474976710655.000000	34.815437	1774	0.000000
281474976710655.000000	32.270782	1775	0.000000
281474976710655.000000	28.720564	1776	0.000000
281474976710655.000000	31.485962	1777	0.000000
281474976710655.000000	31.492506	1778	0.000000
281474976710655.000000	29.250484	1779	0.000000
281474976710655.000000	32.861572	1780	0.000000
281474976710655.000000	30.214775	1781	0.000000
281474976710655.000000	29.877745	1782	0.000000
281474976710655.000000	33.470806	1783	0.000000
281474976710655.000000	29.992764	1784	0.000000
281474976710655.000000	29.460440	1785	0.000000
281474976710655.000000	36.732441	1786	0.000000
281474976710655.000000	29.763815	1787	0.000000
281474976710655.000000	28.024549	1788	0.000000
281474976710655.000000	27.152309	1789	0.000000
281474976710655.000000	30.103779	1790	0.000000
281474976710655.000000	30.624176	1791	0.000000
281474976710655.000000	28.063313	1792	0.000000
281474976710655.000000	30.069284	1793	0.000000
281474976710655.000000	29.473753	1794	0.000000
281474976710655.000000	29.649073	1795	0.000000
281474976710655.000000	27.675777	1796	0.000000
281474976710655.000000	28.672386	1797	0.000000
281474976710655.000000	29.594542	1798	0.000000
281474976710655.000000	29.445032	1799	0.000000
281474976710655.000000	30.300978	1800	0.000000
281474976710655.000000	28.268396	1801	0.000000
281474976710655.000000	29.014467	1802	0.000000
281474976710655.000000	31.938972	1803	0.000000
281474976710655.000000	30.515284	1804	0.000000
281474976710655.000000	30.755117	1805	0.000000
281474976710655.000000	29.275478	1806	0.000000
281474976710655.000000	27.560083	1807	0.000000
281474976710655.000000	27.452589	1808	0.000000
281474976710655.000000	28.901617	1809	0.000000
281474976710655.000000	27.781115	1810	0.000000
281474976710655.000000	30.762360	1811	0.000000
281474976710655.000000	29.779154	1812	0.000000
281474976710655.000000	30.331753	1813	0.000000
281474976710655.000000	28.959793	1814	0.000000
281474976710655.000000	27.723391	1815	0.000000
281474976710655.000000	27.661251	1816	0.000000
281474976710655.000000	30.478077	1817	0.000000
281474976710655.000000	27.043623	1818	0.000000
281474976710655.000000	28.714697	1819	0.000000
281474976710655.000000	30.253431	1820	0.000000
281474976710655.000000	31.843414	1821	0.000000
281474976710655.000000	30.532515	1822	0.000000
281474976710655.000000	29.471300	1823	0.000000
281474976710655.000000	28.843691	1824	0.000000
281474976710655.000000	33.645668	1825	0.000000
281474976710655.000000	29.192570	1826	0.000000
281474976710655.000000	31.738811	1827	0.000000
281474976710655.000000	28.138523	1828	0.000000
281474976710655.000000	30.939644	1829	0.000000
281474976710655.000000	29.159714	1830	0.000000
281474976710655.000000	28.449100	1831	0.000000
281474976710655.000000	27.069492	1832	0.000000
281474976710655.000000	28.445564	1833	0.000000
281474976710655.000000	30.184784	1834	0.000000
281474976710655.000000	28.199785	1835	0.000000
281474976710655.000000	28.728819	1836	0.000000
281474976710655.000000	26.386814	1837	0.000000
281474976710655.000000	28.289270	1838	0.000000
281474976710655.000000	29.609856	1839	0.000000
281474976710655.000000	30.984657	1840	0.000000
281474976710655.000000	26.713680	1841	0.000000
281474976710655.000000	28.131987	1842	0.000000
281474976710655.000000	27.223616	1843	0.000000
281474976710655.000000	29.399378	1844	0.000000
281474976710655.000000	26.842209	1845	0.000000
281474976710655.000000	28.391771	1846	0.000000
281474976710655.000000	28.342899	1847	0.000000
281474976710655.000000	27.477530	1848	0.000000
281474976710655.000000	29.058043	1849	0.000000
281474976710655.000000	29.307777	1850	0.000000
281474976710655.000000	30.627205	1851	0.000000
281474976710655.000000	24.013241	1852	0.000000
281474976710655.000000	28.586338	1853	0.000000
281474976710655.000000	28.024727	1854	0.000000
281474976710655.000000	27.745798	1855	0.000000
281474976710655.000000	30.440327	1856	0.000000
281474976710655.000000	27.630760	1857	0.000000
281474976710655.000000	29.155333	1858	0.000000
281474976710655.000000	27.665777	1859	0.000000
281474976710655.000000	28.553999	1860	0.000000
281474976710655.000000	26.839876	1861	0.000000
281474976710655.000000	25.490507	1862	0.000000
281474976710655.000000	28.684362	1863	0.000000
281474976710655.000000	29.002260	1864	0.000000
281474976710655.000000	26.038687	1865	0.000000
281474976710655.000000	25.258656	1866	0.000000
281474976710655.000000	29.884825	1867	0.000000
281474976710655.000000	25.796400	1868	0.000000
281474976710655.000000	27.868105	1869	0.000000
281474976710655.000000	28.681154	1870	0.000000
281474976710655.000000	28.612381	1871	0.000000
281474976710655.000000	29.974731	1872	0.000000
281474976710655.000000	27.863760	1873	0.000000
281474976710655.000000	27.519056	1874	0.000000
281474976710655.000000	23.171898	1875	0.000000
281474976710655.000000	26.146969	1876	0.000000
281474976710655.000000	26.881516	1877	0.000000
281474976710655.000000	29.106159	1878	0.000000
281474976710655.000000	25.613026	1879	0.000000
281474976710655.000000	27.348207	1880	0.000000
281474976710655.000000	26.152893	1881	0.000000
281474976710655.000000	27.686831	1882	0.000000
281474976710655.000000	25.547356	1883	0.000000
281474976710655.000000	26.544868	1884	0.000000
281474976710655.000000	27.035185	1885	0.000000
281474976710655.000000	25.208622	1886	0.000000
281474976710655.000000	24.629848	1887	0.000000
281474976710655.000000	26.052559	1888	0.000000
281474976710655.000000	25.131763	1889	0.000000
281474976710655.000000	25.226015	1890	0.000000
281474976710655.000000	26.863258	1891	0.000000
281474976710655.000000	26.843752	1892	0.000000
281474976710655.000000	25.545731	1893	0.000000
281474976710655.000000	25.070709	1894	0.000000
281474976710655.000000	24.708330	1895	0.000000
281474976710655.000000	24.435286	1896	0.000000
281474976710655.000000	25.641737	1897	0.000000
281474976710655.000000	24.418425	1898	0.000000
281474976710655.000000	25.758215	1899	0.000000
281474976710655.000000	24.842476	1900	0.000000
281474976710655.000000	24.457296	1901	0.000000
281474976710655.000000	26.046322	1902	0.000000
281474976710655.000000	25.971834	1903	0.000000
281474976710655.000000	26.618586	1904	0.000000
281474976710655.000000	25.918430	1905	0.000000
281474976710655.000000	27.133072	1906	0.000000
281474976710655.000000	25.495052	1907	0.000000
281474976710655.000000	26.332340	1908	0.000000
281474976710655.000000	23.885206	1909	0.000000
281474976710655.000000	24.244677	1910	0.000000
281474976710655.000000	26.553709	1911	0.000000
281474976710655.000000	25.529175	1912	0.000000
281474976710655.000000	25.654657	1913	0.000000
281474976710655.000000	24.472778	1914	0.000000
281474976710655.000000	25.532480	1915	0.000000
281474976710655.000000	25.852316	1916	0.000000
281474976710655.000000	25.285589	1917	0.000000
281474976710655.000000	25.482098	1918	0.000000
281474976710655.000000	25.515163	1919	0.000000
281474976710655.000000	25.349897	1920	0.000000
281474976710655.000000	25.175375	1921	0.000000
281474976710655.000000	25.442905	1922	0.000000
281474976710655.000000	26.381815	1923	0.000000
281474976710655.000000	25.483072	1924	0.000000
281474976710655.000000	27.350050	1925	0.000000
281474976710655.000000	26.142962	1926	0.000000
281474976710655.000000	24.093441	1927	0.000000
281474976710655.000000	23.229059	1928	0.000000
281474976710655.000000	24.196712	1929	0.000000
281474976710655.000000	25.354361	1930	0.000000
281474976710655.000000	25.311705	1931	0.000000
281474976710655.000000	24.986172	1932	0.000000
281474976710655.000000	26.165035	1933	0.000000
281474976710655.000000	24.936176	1934	0.000000
281474976710655.000000	26.525576	1935	0.000000
281474976710655.000000	24.545071	1936	0.000000
281474976710655.000000	25.771091	1937	0.000000
281474976710655.000000	22.977041	1938	0.000000
281474976710655.000000	24.313454	1939	0.000000
281474976710655.000000	24.749992	1940	0.000000
281474976710655.000000	26.128124	1941	0.000000
281474976710655.000000	22.914330	1942	0.000000
281474976710655.000000	24.659590	1943	0.000000
281474976710655.000000	24.569580	1944	0.000000
281474976710655.000000	26.044872	1945	0.000000
281474976710655.000000	24.238794	1946	0.000000
281474976710655.000000	26.832769	1947	0.000000
281474976710655.000000	24.135054	1948	0.000000
281474976710655.000000	22.850756	1949	0.000000
281474976710655.000000	25.711098	1950	0.000000
281474976710655.000000	24.442648	1951	0.000000
281474976710655.000000	23.937979	1952	0.000000
281474976710655.000000	24.819878	1953	0.000000
281474976710655.000000	23.907269	1954	0.000000
281474976710655.000000	22.934334	1955	0.000000
281474976710655.000000	24.035063	1956	0.000000
281474976710655.000000	23.666220	1957	0.000000
281474976710655.000000	23.479168	1958	0.000000
281474976710655.000000	23.295351	1959	0.000000
281474976710655.000000	22.469196	1960	0.000000
281474976710655.000000	26.379047	1961	0.000000
281474976710655.000000	22.700865	1962	0.000000
281474976710655.000000	23.466608	1963	0.000000
281474976710655.000000	23.632942	1964	0.000000
281474976710655.000000	24.354967	1965	0.000000
281474976710655.000000	23.634605	1966	0.000000
281474976710655.000000	24.340425	1967	0.000000
281474976710655.000000	22.390837	1968	0.000000
281474976710655.000000	22.177713	1969	0.000000
281474976710655.000000	22.334419	1970	0.000000
281474976710655.000000	22.070477	1971	0.000000
281474976710655.000000	24.443319	1972	0.000000
281474976710655.000000	24.211138	1973	0.000000
281474976710655.000000	26.001423	1974	0.000000
281474976710655.000000	23.700733	1975	0.000000
281474976710655.000000	23.944302	1976	0.000000
281474976710655.000000	21.904312	1977	0.000000
281474976710655.000000	24.796957	1978	0.000000
281474976710655.000000	24.764257	1979	0.000000
281474976710655.000000	22.912455	1980	0.000000
281474976710655.000000	24.276514	1981	0.000000
281474976710655.000000	22.838120	1982	0.000000
281474976710655.000000	23.913212	1983	0.000000
281474976710655.000000	22.753538	1984	0.000000
281474976710655.000000	23.518183	1985	0.000000
281474976710655.000000	23.213858	1986	0.000000
281474976710655.000000	24.453501	1987	0.000000
281474976710655.000000	25.328756	1988	0.000000
281474976710655.000000	23.273008	1989	0.000000
281474976710655.000000	23.816599	1990	0.000000
281474976710655.000000	22.113096	1991	0.000000
281474976710655.000000	22.675360	1992	0.000000
281474976710655.000000	22.564993	1993	0.000000
281474976710655.000000	22.538078	1994	0.000000
281474976710655.000000	23.038179	1995	0.000000
281474976710655.000000	22.849838	1996	0.000000
281474976710655.000000	22.297422	1997	0.000000
281474976710655.000000	24.016104	1998	0.000000
281474976710655.000000	23.009985	1999	0.000000
281474976710655.000000	22.985615	2000	0.000000
281474976710655.000000	22.033470	2001	0.000000
281474976710655.000000	22.177061	2002	0.000000
281474976710655.000000	21.300175	2003	0.000000
281474976710655.000000	23.867168	2004	0.000000
281474976710655.000000	21.996840	2005	0.000000
281474976710655.000000	21.948261	2006	0.000000
281474976710655.000000	21.965937	2007	0.000000
281474976710655.000000	21.271587	2008	0.000000
281474976710655.000000	23.056339	2009	0.000000
281474976710655.000000	22.726887	2010	0.000000
281474976710655.000000	22.406519	2011	0.000000
281474976710655.000000	22.944130	2012	0.000000
281474976710655.000000	22.356548	2013	0.000000
281474976710655.000000	21.943943	2014	0.000000
281474976710655.000000	22.489702	2015	0.000000
281474976710655.000000	21.288794	2016	0.000000
281474976710655.000000	23.052599	2017	0.000000
281474976710655.000000	22.716637	2018	0.000000
281474976710655.000000	22.149145	2019	0.000000
281474976710655.000000	22.154346	2020	0.000000
281474976710655.000000	22.064613	2021	0.000000
281474976710655.000000	22.189724	2022	0.000000
281474976710655.000000	22.873857	2023	0.000000
281474976710655.000000	22.705805	2024	0.000000
281474976710655.000000	22.122139	2025	0.000000
281474976710655.000000	23.279501	2026	0.000000
281474976710655.000000	22.472258	2027	0.000000
281474976710655.000000	20.537071	2028	0.000000
281474976710655.000000	22.462753	2029	0.000000
281474976710655.000000	21.964457	2030	0.000000
281474976710655.000000	20.661743	2031	0.000000
281474976710655.000000	21.420341	2032	0.000000
281474976710655.000000	22.899734	2033	0.000000
281474976710655.000000	21.609259	2034	0.000000
281474976710655.000000	21.973024	2035	0.000000
281474976710655.000000	21.027018	2036	0.000000
281474976710655.000000	21.919895	2037	0.000000
281474976710655.000000	21.644978	2038	0.000000
281474976710655.000000	21.931070	2039	0.000000
281474976710655.000000	21.344919	2040	0.000000
281474976710655.000000	21.437256	2041	0.000000
281474976710655.000000	22.844433	2042	0.000000
281474976710655.000000	20.916729	2043	0.000000
281474976710655.000000	20.327209	2044	0.000000
281474976710655.000000	22.011196	2045	0.000000
281474976710655.000000	21.677696	2046	0.000000
281474976710655.000000	21.940674	2047	0.000000
281474976710655.000000	20.861372	2048	0.000000
281474976710655.000000	21.926266	2049	0.000000
281474976710655.000000	21.577433	2050	0.000000
281474976710655.000000	21.274559	2051	0.000000
281474976710655.000000	21.129845	2052	0.000000
281474976710655.000000	20.933653	2053	0.000000
281474976710655.000000	20.675692	2054	0.000000
281474976710655.000000	20.082987	2055	0.000000
281474976710655.000000	21.398109	2056	0.000000
281474976710655.000000	20.792210	2057	0.000000
281474976710655.000000	21.497189	2058	0.000000
281474976710655.000000	19.568281	2059	0.000000
281474976710655.000000	21.858665	2060	0.000000
281474976710655.000000	20.280521	2061	0.000000
281474976710655.000000	22.103117	2062	0.000000
281474976710655.000000	21.760647	2063	0.000000
281474976710655.000000	19.851559	2064	0.000000
281474976710655.000000	20.499847	2065	0.000000
281474976710655.000000	20.801374	2066	0.000000
281474976710655.000000	20.363935	2067	0.000000
281474976710655.000000	19.783497	2068	0.000000
281474976710655.000000	20.583609	2069	0.000000
281474976710655.000000	21.367956	2070	0.000000
281474976710655.000000	19.920853	2071	0.000000
281474976710655.000000	22.622545	2072	0.000000
281474976710655.000000	21.654282	2073	0.000000
281474976710655.000000	20.459230	2074	0.000000
281474976710655.000000	19.909199	2075	0.000000
281474976710655.000000	20.815481	2076	0.000000
281474976710655.000000	21.014372	2077	0.000000
281474976710655.000000	21.106186	2078	0.000000
281474976710655.000000	19.491201	2079	0.000000
281474976710655.000000	20.411339	2080	0.000000
281474976710655.000000	20.386536	2081	0.000000
281474976710655.000000	20.211058	2082	0.000000
281474976710655.000000	19.664753	2083	0.000000
281474976710655.000000	20.849890	2084	0.000000
281474976710655.000000	19.748917	2085	0.000000
281474976710655.000000	20.669069	2086	0.000000
281474976710655.000000	19.808569	2087	0.000000
281474976710655.000000	20.182589	2088	0.000000
281474976710655.000000	20.824314	2089	0.000000
281474976710655.000000	20.224340	2090	0.000000
281474976710655.000000	21.269566	2091	0.000000
281474976710655.000000	20.341208	2092	0.000000
281474976710655.000000	19.091837	2093	0.000000
281474976710655.000000	20.593920	2094	0.000000
281474976710655.000000	19.535614	2095	0.000000
281474976710655.000000	19.882742	2096	0.000000
281474976710655.000000	20.779602	2097	0.000000
281474976710655.000000	19.683512	2098	0.000000
281474976710655.000000	20.212069	2099	0.000000
281474976710655.000000	19.832624	2100	0.000000
281474976710655.000000	19.419645	2101	0.000000
281474976710655.000000	18.721222	2102	0.000000
281474976710655.000000	20.082094	2103	0.000000
281474976710655.000000	20.182732	2104	0.000000
281474976710655.000000	19.570833	2105	0.000000
281474976710655.000000	19.429485	2106	0.000000
281474976710655.000000	19.985609	2107	0.000000
281474976710655.000000	19.293827	2108	0.000000
281474976710655.000000	19.291697	2109	0.000000
281474976710655.000000	20.191095	2110	0.000000
281474976710655.000000	19.526554	2111	0.000000
281474976710655.000000	19.396345	2112	0.000000
281474976710655.000000	19.585371	2113	0.000000
281474976710655.000000	20.372746	2114	0.000000
281474976710655.000000	18.806036	2115	0.000000
281474976710655.000000	19.645752	2116	0.000000
281474976710655.000000	19.137093	2117	0.000000
281474976710655.000000	19.790300	2118	0.000000
281474976710655.000000	18.645638	2119	0.000000
281474976710655.000000	20.218075	2120	0.000000
281474976710655.000000	19.192080	2121	0.000000
281474976710655.000000	19.664474	2122	0.000000
281474976710655.000000	19.853165	2123	0.000000
281474976710655.000000	19.201771	2124	0.000000
281474976710655.000000	18.553881	2125	0.000000
281474976710655.000000	19.107437	2126	0.000000
281474976710655.000000	19.975252	2127	0.000000
281474976710655.000000	19.369349	2128	0.000000
281474976710655.000000	18.733921	2129	0.000000
281474976710655.000000	19.766420	2130	0.000000
281474976710655.000000	18.434753	2131	0.000000
281474976710655.000000	18.999027	2132	0.000000
281474976710655.000000	19.195545	2133	0.000000
281474976710655.000000	18.726093	2134	0.000000
281474976710655.000000	18.565794	2135	0.000000
281474976710655.000000	19.128695	2136	0.000000
281474976710655.000000	18.457237	2137	0.000000
281474976710655.000000	18.784826	2138	0.000000
281474976710655.000000	18.702141	2139	0.000000
281474976710655.000000	18.739725	2140	0.000000
281474976710655.000000	19.221376	2141	0.000000
281474976710655.000000	19.107616	2142	0.000000
281474976710655.000000	18.352205	2143	0.000000
281474976710655.000000	18.115969	2144	0.000000
281474976710655.000000	17.162855	2145	0.000000
281474976710655.000000	19.429394	2146	0.000000
281474976710655.000000	18.493994	2147	0.000000
281474976710655.000000	19.179543	2148	0.000000
281474976710655.000000	18.167778	2149	0.000000
281474976710655.000000	18.524586	2150	0.000000
281474976710655.000000	18.065332	2151	0.000000
281474976710655.000000	18.681730	2152	0.000000
281474976710655.000000	17.661407	2153	0.000000
281474976710655.000000	18.902525	2154	0.000000
281474976710655.000000	17.856535	2155	0.000000
281474976710655.000000	18.461596	2156	0.000000
281474976710655.000000	18.342720	2157	0.000000
281474976710655.000000	18.983585	2158	0.000000
281474976710655.000000	18.349628	2159	0.000000
281474976710655.000000	18.481272	2160	0.000000
281474976710655.000000	18.282820	2161	0.000000
281474976710655.000000	18.403891	2162	0.000000
281474976710655.000000	17.760645	2163	0.000000
281474976710655.000000	18.632870	2164	0.000000
281474976710655.000000	18.192270	2165	0.000000
281474976710655.000000	18.464237	2166	0.000000
281474976710655.000000	18.423565	2167	0.000000
281474976710655.000000	18.290998	2168	0.000000
281474976710655.000000	17.921886	2169	0.000000
281474976710655.000000	18.411707	2170	0.000000
281474976710655.000000	17.393194	2171	0.000000
281474976710655.000000	17.869497	2172	0.000000
281474976710655.000000	18.011408	2173	0.000000
281474976710655.000000	17.101797	2174	0.000000
281474976710655.000000	18.024471	2175	0.000000
281474976710655.000000	17.571098	2176	0.000000
281474976710655.000000	17.674225	2177	0.000000
281474976710655.000000	17.927555	2178	0.000000
281474976710655.000000	17.621916	2179	0.000000
281474976710655.000000	18.110941	2180	0.000000
281474976710655.000000	17.688562	2181	0.000000
281474976710655.000000	17.894367	2182	0.000000
281474976710655.000000	17.427588	2183	0.000000
281474976710655.000000	17.497196	2184	0.000000
281474976710655.000000	17.360073	2185	0.000000
281474976710655.000000	17.598078	2186	0.000000
281474976710655.000000	18.242254	2187	0.000000
281474976710655.000000	17.798203	2188	0.000000
281474976710655.000000	17.898964	2189	0.000000
281474976710655.000000	17.421814	2190	0.000000
281474976710655.000000	17.430723	2191	0.000000
281474976710655.000000	17.509489	2192	0.000000
281474976710655.000000	17.554903	2193	0.000000
281474976710655.000000	17.724276	2194	0.000000
281474976710655.000000	16.408703	2195	0.000000
281474976710655.000000	17.878246	2196	0.000000
281474976710655.000000	16.601984	2197	0.000000
281474976710655.000000	17.666500	2198	0.000000
281474976710655.000000	17.142090	2199	0.000000
281474976710655.000000	17.328768	2200	0.000000
281474976710655.000000	17.150414	2201	0.000000
281474976710655.000000	17.225267	2202	0.000000
281474976710655.000000	16.711021	2203	0.000000
281474976710655.000000	17.768463	2204	0.000000
281474976710655.000000	17.377216	2205	0.000000
281474976710655.000000	17.552658	2206	0.000000
281474976710655.000000	16.552273	2207	0.000000
281474976710655.000000	17.431431	2208	0.000000
281474976710655.000000	16.685879	2209	0.000000
281474976710655.000000	17.033813	2210	0.000000
281474976710655.000000	16.869097	2211	0.000000
281474976710655.000000	17.697062	2212	0.000000
281474976710655.000000	16.856976	2213	0.000000
281474976710655.000000	17.294180	2214	0.000000
281474976710655.000000	17.007414	2215	0.000000
281474976710655.000000	16.863182	2216	0.000000
281474976710655.000000	17.297766	2217	0.000000
281474976710655.000000	17.553932	2218	0.000000
281474976710655.000000	16.919415	2219	0.000000
281474976710655.000000	17.005293	2220	0.000000
281474976710655.000000	16.597363	2221	0.000000
281474976710655.000000	17.080671	2222	0.000000
281474976710655.000000	16.737726	2223	0.000000
281474976710655.000000	16.222132	2224	0.000000
281474976710655.000000	16.861549	2225	0.000000
281474976710655.000000	16.348274	2226	0.000000
281474976710655.000000	16.674879	2227	0.000000
281474976710655.000000	17.137520	2228	0.000000
281474976710655.000000	16.681389	2229	0.000000
281474976710655.000000	16.261225	2230	0.000000
281474976710655.000000	17.124901	2231	0.000000
281474976710655.000000	16.450783	2232	0.000000
281474976710655.000000	16.487755	2233	0.000000
281474976710655.000000	16.487946	2234	0.000000
281474976710655.000000	15.997836	2235	0.000000
281474976710655.000000	16.652170	2236	0.000000
281474976710655.000000	16.243139	2237	0.000000
281474976710655.000000	16.274302	2238	0.000000
281474976710655.000000	16.296886	2239	0.000000
281474976710655.000000	16.252184	2240	0.000000
281474976710655.000000	16.003349	2241	0.000000
281474976710655.000000	16.602686	2242	0.000000
281474976710655.000000	16.213432	2243	0.000000
281474976710655.000000	16.390114	2244	0.000000
281474976710655.000000	16.203354	2245	0.000000
281474976710655.000000	16.834009	2246	0.000000
281474976710655.000000	15.988086	2247	0.000000
281474976710655.000000	16.260864	2248	0.000000
281474976710655.000000	15.984942	2249	0.000000
281474976710655.000000	16.643330	2250	0.000000
281474976710655.000000	15.716640	2251	0.000000
281474976710655.000000	16.038780	2252	0.000000
281474976710655.000000	16.017712	2253	0.000000
281474976710655.000000	16.952740	2254	0.000000
281474976710655.000000	16.390200	2255	0.000000
281474976710655.000000	16.293396	2256	0.000000
281474976710655.000000	15.618443	2257	0.000000
281474976710655.000000	16.181492	2258	0.000000
281474976710655.000000	15.556089	2259	0.000000
281474976710655.000000	16.277731	2260	0.000000
281474976710655.000000	15.817937	2261	0.000000
281474976710655.000000	16.008011	2262	0.000000
281474976710655.000000	15.931075	2263	0.000000
281474976710655.000000	16.053238	2264	0.000000
281474976710655.000000	15.778321	2265	0.000000
281474976710655.000000	16.329016	2266	0.000000
281474976710655.000000	16.349436	2267	0.000000
281474976710655.000000	16.026030	2268	0.000000
281474976710655.000000	15.528778	2269	0.000000
281474976710655.000000	15.829245	2270	0.000000
281474976710655.000000	15.869020	2271	0.000000
281474976710655.000000	15.719986	2272	0.000000
281474976710655.000000	16.125046	2273	0.000000
281474976710655.000000	15.964811	2274	0.000000
281474976710655.000000	15.359021	2275	0.000000
281474976710655.000000	15.915895	2276	0.000000
281474976710655.000000	15.494307	2277	0.000000
281474976710655.000000	16.009344	2278	0.000000
281474976710655.000000	15.678278	2279	0.000000
281474976710655.000000	15.724884	2280	0.000000
281474976710655.000000	15.353417	2281	0.000000
281474976710655.000000	15.791883	2282	0.000000
281474976710655.000000	15.958300	2283	0.000000
281474976710655.000000	15.946929	2284	0.000000
281474976710655.000000	15.135604	2285	0.000000
281474976710655.000000	15.698009	2286	0.000000
281474976710655.000000	15.378983	2287	0.000000
281474976710655.000000	15.573607	2288	0.000000
281474976710655.000000	15.689793	2289	0.000000
281474976710655.000000	15.888397	2290	0.000000
281474976710655.000000	15.772070	2291	0.000000
281474976710655.000000	15.641556	2292	0.000000
281474976710655.000000	15.467247	2293	0.000000
281474976710655.000000	15.534334	2294	0.000000
281474976710655.000000	15.109185	2295	0.000000
281474976710655.000000	15.500961	2296	0.000000
281474976710655.000000	15.692921	2297	0.000000
281474976710655.000000	15.233485	2298	0.000000
281474976710655.000000	15.157835	2299	0.000000
281474976710655.000000	15.650082	2300	0.000000
281474976710655.000000	15.261625	2301	0.000000
281474976710655.000000	15.272262	2302	0.000000
281474976710655.000000	14.834476	2303	0.000000
281474976710655.000000	15.603980	2304	0.000000
281474976710655.000000	15.005901	2305	0.000000
281474976710655.000000	15.649009	2306	0.000000
281474976710655.000000	15.194324	2307	0.000000
281474976710655.000000	15.361187	2308	0.000000
281474976710655.000000	14.691372	2309	0.000000
281474976710655.000000	15.070530	2310	0.000000
281474976710655.000000	14.536697	2311	0.000000
281474976710655.000000	15.020050	2312	0.000000
281474976710655.000000	14.930783	2313	0.000000
281474976710655.000000	15.083836	2314	0.000000
281474976710655.000000	15.486490	2315	0.000000
281474976710655.000000	15.245026	2316	0.000000
281474976710655.000000	14.706607	2317	0.000000
281474976710655.000000	14.790677	2318	0.000000
281474976710655.000000	15.388916	2319	0.000000
281474976710655.000000	14.936803	2320	0.000000
281474976710655.000000	14.591025	2321	0.000000
281474976710655.000000	15.090495	2322	0.000000
281474976710655.000000	14.546326	2323	0.000000
281474976710655.000000	14.611332	2324	0.000000
281474976710655.000000	14.575668	2325	0.000000
281474976710655.000000	14.773318	2326	0.000000
281474976710655.000000	14.935624	2327	0.000000
281474976710655.000000	14.453818	2328	0.000000
281474976710655.000000	14.683993	2329	0.000000
281474976710655.000000	14.761987	2330	0.000000
281474976710655.000000	14.741885	2331	0.000000
281474976710655.000000	14.427788	2332	0.000000
281474976710655.000000	14.641766	2333	0.000000
281474976710655.000000	14.477856	2334	0.000000
281474976710655.000000	14.968814	2335	0.000000
281474976710655.000000	14.697712	2336	0.000000
281474976710655.000000	14.844057	2337	0.000000
281474976710655.000000	14.794384	2338	0.000000
281474976710655.000000	14.800203	2339	0.000000
281474976710655.000000	14.672149	2340	0.000000
281474976710655.000000	14.340862	2341	0.000000
281474976710655.000000	14.579959	2342	0.000000
281474976710655.000000	14.427582	2343	0.000000
281474976710655.000000	14.510396	2344	0.000000
281474976710655.000000	14.168902	2345	0.000000
281474976710655.000000	15.020264	2346	0.000000
281474976710655.000000	14.208705	2347	0.000000
281474976710655.000000	14.272537	2348	0.000000
281474976710655.000000	13.885917	2349	0.000000
281474976710655.000000	14.838156	2350	0.000000
281474976710655.000000	13.831120	2351	0.000000
281474976710655.000000	14.312803	2352	0.000000
281474976710655.000000	14.643967	2353	0.000000
281474976710655.000000	14.905587	2354	0.000000
281474976710655.000000	13.932221	2355	0.000000
281474976710655.000000	14.809531	2356	0.000000
281474976710655.000000	14.053269	2357	0.000000
281474976710655.000000	14.354720	2358	0.000000
281474976710655.000000	13.606780	2359	0.000000
281474976710655.000000	14.478151	2360	0.000000
281474976710655.000000	14.330554	2361	0.000000
281474976710655.000000	14.276361	2362	0.000000
281474976710655.000000	14.444594	2363	0.000000
281474976710655.000000	14.330372	2364	0.000000
281474976710655.000000	13.954636	2365	0.000000
281474976710655.000000	14.414678	2366	0.000000
281474976710655.000000	13.932017	2367	0.000000
281474976710655.000000	14.183961	2368	0.000000
281474976710655.000000	14.659852	2369	0.000000
281474976710655.000000	13.673053	2370	0.000000
281474976710655.000000	14.069985	2371	0.000000
281474976710655.000000	14.251206	2372	0.000000
281474976710655.000000	13.894355	2373	0.000000
281474976710655.000000	13.540167	2374	0.000000
281474976710655.000000	14.467470	2375	0.000000
281474976710655.000000	13.585970	2376	0.000000
281474976710655.000000	14.069856	2377	0.000000
281474976710655.000000	14.431388	2378	0.000000
281474976710655.000000	13.740714	2379	0.000000
281474976710655.000000	13.560478	2380	0.000000
281474976710655.000000	14.243138	2381	0.000000
281474976710655.000000	13.848973	2382	0.000000
281474976710655.000000	13.680721	2383	0.000000
281474976710655.000000	13.464109	2384	0.000000
281474976710655.000000	13.989861	2385	0.000000
281474976710655.000000	14.099898	2386	0.000000
281474976710655.000000	13.355362	2387	0.000000
281474976710655.000000	13.976864	2388	0.000000
281474976710655.000000	13.612133	2389	0.000000
281474976710655.000000	13.819978	2390	0.000000
281474976710655.000000	13.545033	2391	0.000000
281474976710655.000000	13.648533	2392	0.000000
281474976710655.000000	13.770815	2393	0.000000
281474976710655.000000	13.931082	2394	0.000000
281474976710655.000000	13.640506	2395	0.000000
281474976710655.000000	13.407329	2396	0.000000
281474976710655.000000	13.675369	2397	0.000000
281474976710655.000000	13.569316	2398	0.000000
281474976710655.000000	13.007526	2399	0.000000
281474976710655.000000	14.049957	2400	0.000000
281474976710655.000000	13.672970	2401	0.000000
281474976710655.000000	14.212808	2402	0.000000
281474976710655.000000	13.430609	2403	0.000000
281474976710655.000000	13.818345	2404	0.000000
281474976710655.000000	13.201663	2405	0.000000
281474976710655.000000	13.766098	2406	0.000000
281474976710655.000000	13.608938	2407	0.000000
281474976710655.000000	13.677464	2408	0.000000
281474976710655.000000	13.291920	2409	0.000000
281474976710655.000000	13.637219	2410	0.000000
281474976710655.000000	13.242461	2411	0.000000
281474976710655.000000	13.606860	2412	0.000000
281474976710655.000000	13.446149	2413	0.000000
281474976710655.000000	13.795484	2414	0.000000
281474976710655.000000	13.488468	2415	0.000000
281474976710655.000000	13.302996	2416	0.000000
281474976710655.000000	13.436030	2417	0.000000
281474976710655.000000	13.265655	2418	0.000000
281474976710655.000000	12.924250	2419	0.000000
281474976710655.000000	13.738833	2420	0.000000
281474976710655.000000	13.294785	2421	0.000000
281474976710655.000000	13.430287	2422	0.000000
281474976710655.000000	12.906599	2423	0.000000
281474976710655.000000	13.356596	2424	0.000000
281474976710655.000000	13.245138	2425	0.000000
281474976710655.000000	13.394711	2426	0.000000
281474976710655.000000	13.271108	2427	0.000000
281474976710655.000000	12.940479	2428	0.000000
281474976710655.000000	13.044007	2429	0.000000
281474976710655.000000	13.130192	2430	0.000000
281474976710655.000000	13.152811	2431	0.000000
281474976710655.000000	13.255169	2432	0.000000
281474976710655.000000	12.900031	2433	0.000000
281474976710655.000000	13.408401	2434	0.000000
281474976710655.000000	12.641820	2435	0.000000
281474976710655.000000	13.307496	2436	0.000000
281474976710655.000000	13.307128	2437	0.000000
281474976710655.000000	13.326837	2438	0.000000
281474976710655.000000	13.063793	2439	0.000000
281474976710655.000000	12.821930	2440	0.000000
281474976710655.000000	12.727262	2441	0.000000
281474976710655.000000	13.143910	2442	0.000000
281474976710655.000000	12.614956	2443	0.000000
281474976710655.000000	13.575175	2444	0.000000
281474976710655.000000	12.704135	2445	0.000000
281474976710655.000000	13.263401	2446	0.000000
281474976710655.000000	12.850304	2447	0.000000
281474976710655.000000	13.080765	2448	0.000000
281474976710655.000000	12.986397	2449	0.000000
281474976710655.000000	13.084646	2450	0.000000
281474976710655.000000	12.540360	2451	0.000000
281474976710655.000000	12.973508	2452	0.000000
281474976710655.000000	12.526399	2453	0.000000
281474976710655.000000	12.647215	2454	0.000000
281474976710655.000000	12.763304	2455	0.000000
281474976710655.000000	12.802146	2456	0.000000
281474976710655.000000	12.610402	2457	0.000000
281474976710655.000000	12.780847	2458	0.000000
281474976710655.000000	12.601671	2459	0.000000
281474976710655.000000	13.010234	2460	0.000000
281474976710655.000000	12.668585	2461	0.000000
281474976710655.000000	12.753639	2462	0.000000
281474976710655.000000	12.642200	2463	0.000000
281474976710655.000000	12.697656	2464	0.000000
281474976710655.000000	13.074308	2465	0.000000
281474976710655.000000	12.487065	2466	0.000000
281474976710655.000000	12.242786	2467	0.000000
281474976710655.000000	12.892820	2468	0.000000
281474976710655.000000	12.812973	2469	0.000000
281474976710655.000000	12.606505	2470	0.000000
281474976710655.000000	12.546779	2471	0.000000
281474976710655.000000	12.494333	2472	0.000000
281474976710655.000000	12.681577	2473	0.000000
281474976710655.000000	12.227470	2474	0.000000
281474976710655.000000	12.392082	2475	0.000000
281474976710655.000000	12.348938	2476	0.000000
281474976710655.000000	12.559472	2477	0.000000
281474976710655.000000	12.631500	2478	0.000000
281474976710655.000000	12.485262	2479	0.000000
281474976710655.000000	12.641773	2480	0.000000
281474976710655.000000	12.525364	2481	0.000000
281474976710655.000000	12.428227	2482	0.000000
281474976710655.000000	12.522483	2483	0.000000
281474976710655.000000	12.574084	2484	0.000000
281474976710655.000000	12.637203	2485	0.000000
281474976710655.000000	12.470613	2486	0.000000
281474976710655.000000	12.209999	2487	0.000000
281474976710655.000000	12.563481	2488	0.000000
281474976710655.000000	12.331934	2489	0.000000
281474976710655.000000	12.834843	2490	0.000000
281474976710655.000000	12.270756	2491	0.000000
281474976710655.000000	12.551213	2492	0.000000
281474976710655.000000	12.416783	2493	0.000000
281474976710655.000000	12.596119	2494	0.000000
281474976710655.000000	12.092140	2495	0.000000
281474976710655.000000	12.405747	2496	0.000000
281474976710655.000000	12.241958	2497	0.000000
281474976710655.000000	12.397791	2498	0.000000
281474976710655.000000	11.906890	2499	0.000000
281474976710655.000000	12.406116	2500	0.000000
281474976710655.000000	12.184853	2501	0.000000
281474976710655.000000	12.476361	2502	0.000000
281474976710655.000000	11.783511	2503	0.000000
281474976710655.000000	12.377558	2504	0.000000
281474976710655.000000	12.246149	2505	0.000000
281474976710655.000000	11.962973	2506	0.000000
281474976710655.000000	11.892336	2507	0.000000
281474976710655.000000	12.124457	2508	0.000000
281474976710655.000000	11.760235	2509	0.000000
281474976710655.000000	12.271803	2510	0.000000
281474976710655.000000	12.081638	2511	0.000000
281474976710655.000000	11.816928	2512	0.000000
281474976710655.000000	12.160879	2513	0.000000
281474976710655.000000	12.038823	2514	0.000000
281474976710655.000000	12.156967	2515	0.000000
281474976710655.000000	12.141545	2516	0.000000
281474976710655.000000	12.317047	2517	0.000000
281474976710655.000000	11.869309	2518	0.000000
281474976710655.000000	12.053802	2519	0.000000
281474976710655.000000	12.048107	2520	0.000000
281474976710655.000000	11.926572	2521	0.000000
281474976710655.000000	12.106949	2522	0.000000
281474976710655.000000	11.664514	2523	0.000000
281474976710655.000000	11.846848	2524	0.000000
281474976710655.000000	11.965007	2525	0.000000
281474976710655.000000	11.834266	2526	0.000000
281474976710655.000000	11.877945	2527	0.000000
281474976710655.000000	11.866042	2528	0.000000
281474976710655.000000	11.818993	2529	0.000000
281474976710655.000000	11.819156	2530	0.000000
281474976710655.000000	12.071315	2531	0.000000
281474976710655.000000	11.914320	2532	0.000000
281474976710655.000000	11.798804	2533	0.000000
281474976710655.000000	11.990504	2534	0.000000
281474976710655.000000	11.842901	2535	0.000000
281474976710655.000000	11.828405	2536	0.000000
281474976710655.000000	11.626412	2537	0.000000
281474976710655.000000	12.082987	2538	0.000000
281474976710655.000000	11.357644	2539	0.000000
281474976710655.000000	11.929516	2540	0.000000
281474976710655.000000	11.475296	2541	0.000000
281474976710655.000000	11.720603	2542	0.000000
281474976710655.000000	11.651717	2543	0.000000
281474976710655.000000	11.987496	2544	0.000000
281474976710655.000000	11.655313	2545	0.000000
281474976710655.000000	11.486141	2546	0.000000
281474976710655.000000	11.480312	2547	0.000000
281474976710655.000000	11.838028	2548	0.000000
281474976710655.000000	11.224941	2549	0.000000
281474976710655.000000	12.036064	2550	0.000000
281474976710655.000000	11.538115	2551	0.000000
281474976710655.000000	11.755292	2552	0.000000
281474976710655.000000	11.502738	2553	0.000000
281474976710655.000000	11.649343	2554	0.000000
281474976710655.000000	11.330961	2555	0.000000
281474976710655.000000	11.843947	2556	0.000000
281474976710655.000000	11.421117	2557	0.000000
281474976710655.000000	11.546535	2558	0.000000
281474976710655.000000	11.237847	2559	0.000000
281474976710655.000000	11.452530	2560	0.000000
281474976710655.000000	11.580340	2561	0.000000
281474976710655.000000	11.510511	2562	0.000000
281474976710655.000000	11.537508	2563	0.000000
281474976710655.000000	11.421921	2564	0.000000
281474976710655.000000	11.616845	2565	0.000000
281474976710655.000000	11.375604	2566	0.000000
281474976710655.000000	11.287777	2567	0.000000
281474976710655.000000	11.391088	2568	0.000000
281474976710655.000000	11.359095	2569	0.000000
281474976710655.000000	11.575352	2570	0.000000
281474976710655.000000	11.205993	2571	0.000000
281474976710655.000000	11.284742	2572	0.000000
281474976710655.000000	11.185438	2573	0.000000
281474976710655.000000	11.174909	2574	0.000000
281474976710655.000000	11.202432	2575	0.000000
281474976710655.000000	11.408618	2576	0.000000
281474976710655.000000	11.298605	2577	0.000000
281474976710655.000000	11.151813	2578	0.000000
281474976710655.000000	11.351213	2579	0.000000
281474976710655.000000	11.312484	2580	0.000000
281474976710655.000000	11.265803	2581	0.000000
281474976710655.000000	11.078463	2582	0.000000
281474976710655.000000	11.298580	2583	0.000000
281474976710655.000000	11.189035	2584	0.000000
281474976710655.000000	11.259590	2585	0.000000
281474976710655.000000	11.384297	2586	0.000000
281474976710655.000000	11.262221	2587	0.000000
281474976710655.000000	11.357168	2588	0.000000
281474976710655.000000	10.901916	2589	0.000000
281474976710655.000000	11.229588	2590	0.000000
281474976710655.000000	11.214652	2591	0.000000
281474976710655.000000	11.291042	2592	0.000000
281474976710655.000000	10.919724	2593	0.000000
281474976710655.000000	11.343491	2594	0.000000
281474976710655.000000	11.039125	2595	0.000000
281474976710655.000000	11.292454	2596	0.000000
281474976710655.000000	11.108677	2597	0.000000
281474976710655.000000	11.241526	2598	0.000000
281474976710655.000000	10.780459	2599	0.000000
281474976710655.000000	11.079884	2600	0.000000
281474976710655.000000	11.115067	2601	0.000000
281474976710655.000000	11.081149	2602	0.000000
281474976710655.000000	10.777808	2603	0.000000
281474976710655.000000	11.168704	2604	0.000000
281474976710655.000000	10.893380	2605	0.000000
281474976710655.000000	11.019940	2606	0.000000
281474976710655.000000	10.796180	2607	0.000000
281474976710655.000000	10.830823	2608	0.000000
281474976710655.000000	11.046091	2609	0.000000
281474976710655.000000	10.963115	2610	0.000000
281474976710655.000000	10.907635	2611	0.000000
281474976710655.000000	11.096171	2612	0.000000
281474976710655.000000	10.848694	2613	0.000000
281474976710655.000000	10.764791	2614	0.000000
281474976710655.000000	10.837908	2615	0.000000
281474976710655.000000	10.795161	2616	0.000000
281474976710655.000000	10.820963	2617	0.000000
281474976710655.000000	10.726991	2618	0.000000
281474976710655.000000	10.881172	2619	0.000000
281474976710655.000000	10.804956	2620	0.000000
281474976710655.000000	10.823747	2621	0.000000
281474976710655.000000	10.724011	2622	0.000000
281474976710655.000000	10.918677	2623	0.000000
281474976710655.000000	10.475074	2624	0.000000
281474976710655.000000	10.939142	2625	0.000000
281474976710655.000000	10.773957	2626	0.000000
281474976710655.000000	10.711905	2627	0.000000
281474976710655.000000	10.705480	2628	0.000000
281474976710655.000000	10.699159	2629	0.000000
281474976710655.000000	10.793082	2630	0.000000
281474976710655.000000	10.865202	2631	0.000000
281474976710655.000000	10.681941	2632	0.000000
281474976710655.000000	10.769217	2633	0.000000
281474976710655.000000	10.820440	2634	0.000000
281474976710655.000000	10.654083	2635	0.000000
281474976710655.000000	10.836771	2636	0.000000
281474976710655.000000	10.724161	2637	0.000000
281474976710655.000000	10.800866	2638	0.000000
281474976710655.000000	10.493849	2639	0.000000
281474976710655.000000	10.595505	2640	0.000000
281474976710655.000000	10.389989	2641	0.000000
281474976710655.000000	10.900778	2642	0.000000
281474976710655.000000	10.311147	2643	0.000000
281474976710655.000000	10.982926	2644	0.000000
281474976710655.000000	10.641210	2645	0.000000
281474976710655.000000	10.747034	2646	0.000000
281474976710655.000000	10.490888	2647	0.000000
281474976710655.000000	10.590412	2648	0.000000
281474976710655.000000	10.645126	2649	0.000000
281474976710655.000000	10.538768	2650	0.000000
281474976710655.000000	10.294790	2651	0.000000
281474976710655.000000	10.604768	2652	0.000000
281474976710655.000000	10.391333	2653	0.000000
281474976710655.000000	10.711216	2654	0.000000
281474976710655.000000	10.739132	2655	0.000000
281474976710655.000000	10.555812	2656	0.000000
281474976710655.000000	10.335087	2657	0.000000
281474976710655.000000	10.404455	2658	0.000000
281474976710655.000000	10.260833	2659	0.000000
281474976710655.000000	10.400998	2660	0.000000
281474976710655.000000	10.399211	2661	0.000000
281474976710655.000000	10.323878	2662	0.000000
281474976710655.000000	10.215734	2663	0.000000
281474976710655.000000	10.276397	2664	0.000000
281474976710655.000000	10.397181	2665	0.000000
281474976710655.000000	10.085732	2666	0.000000
281474976710655.000000	10.188157	2667	0.000000
281474976710655.000000	10.222413	2668	0.000000
281474976710655.000000	10.251642	2669	0.000000
281474976710655.000000	10.342805	2670	0.000000
281474976710655.000000	10.313803	2671	0.000000
281474976710655.000000	10.257690	2672	0.000000
281474976710655.000000	10.309742	2673	0.000000
281474976710655.000000	10.183281	2674	0.000000
281474976710655.000000	10.407024	2675	0.000000
281474976710655.000000	10.268926	2676	0.000000
281474976710655.000000	10.244151	2677	0.000000
281474976710655.000000	10.199386	2678	0.000000
281474976710655.000000	10.154649	2679	0.000000
281474976710655.000000	10.404998	2680	0.000000
281474976710655.000000	10.058992	2681	0.000000
281474976710655.000000	10.190443	2682	0.000000
281474976710655.000000	10.082122	2683	0.000000
281474976710655.000000	10.126785	2684	0.000000
281474976710655.000000	10.169929	2685	0.000000
281474976710655.000000	10.225757	2686	0.000000
281474976710655.000000	10.075076	2687	0.000000
281474976710655.000000	10.267863	2688	0.000000
281474976710655.000000	10.279914	2689	0.000000
281474976710655.000000	10.159152	2690	0.000000
281474976710655.000000	10.103132	2691	0.000000
281474976710655.000000	10.162164	2692	0.000000
281474976710655.000000	9.975290	2693	0.000000
281474976710655.000000	10.217277	2694	0.000000
281474976710655.000000	9.908927	2695	0.000000
281474976710655.000000	10.161553	2696	0.000000
281474976710655.000000	9.979062	2697	0.000000
281474976710655.000000	10.098657	2698	0.000000
281474976710655.000000	10.021101	2699	0.000000
281474976710655.000000	10.207424	2700	0.000000
281474976710655.000000	10.069543	2701	0.000000
281474976710655.000000	10.101264	2702	0.000000
281474976710655.000000	9.934474	2703	0.000000
281474976710655.000000	9.939261	2704	0.000000
281474976710655.000000	9.864964	2705	0.000000
281474976710655.000000	9.829440	2706	0.000000
281474976710655.000000	9.817422	2707	0.000000
281474976710655.000000	9.951719	2708	0.000000
281474976710655.000000	9.969810	2709	0.000000
281474976710655.000000	9.744607	2710	0.000000
281474976710655.000000	9.969730	2711	0.000000
281474976710655.000000	9.784201	2712	0.000000
281474976710655.000000	9.867620	2713	0.000000
281474976710655.000000	9.821100	2714	0.000000
281474976710655.000000	9.830305	2715	0.000000
281474976710655.000000	9.702551	2716	0.000000
281474976710655.000000	9.948878	2717	0.000000
281474976710655.000000	9.772303	2718	3609398272.000000
281474976710655.000000	9.649238	2719	3610456576.000000
281474976710655.000000	9.918365	2720	3611466496.000000
281474976710655.000000	9.746396	2721	3612524800.000000
281474976710655.000000	9.903754	2722	3613536256.000000
281474976710655.000000	9.701227	2723	3614593280.000000
281474976710655.000000	9.945168	2724	3615604992.000000
281474976710655.000000	9.812969	2725	3616662016.000000
281474976710655.000000	9.936502	2726	3617674496.000000
281474976710655.000000	9.981640	2727	3618730240.000000
281474976710655.000000	10.034350	2728	3619743232.000000
281474976710655.000000	9.929268	2729	3620797696.000000
281474976710655.000000	10.056555	2730	3621812992.000000
281474976710655.000000	9.957410	2731	3622866688.000000
281474976710655.000000	10.130169	2732	3623882496.000000
281474976710655.000000	9.969666	2733	3624934656.000000
281474976710655.000000	10.238891	2734	3625951744.000000
281474976710655.000000	10.069233	2735	3627002880.000000
281474976710655.000000	9.935939	2736	3628021504.000000
281474976710655.000000	10.207758	2737	3629071360.000000
281474976710655.000000	10.241448	2738	3630090240.000000
281474976710655.000000	10.354597	2739	3631139584.000000
281474976710655.000000	9.990154	2740	3632159488.000000
281474976710655.000000	10.176284	2741	3633208832.000000
281474976710655.000000	10.381327	2742	3634227968.000000
281474976710655.000000	10.128289	2743	3635277568.000000
281474976710655.000000	10.227186	2744	3636296192.000000
281474976710655.000000	10.164282	2745	3637346560.000000
281474976710655.000000	10.296791	2746	3638364160.000000
281474976710655.000000	10.250933	2747	3639416576.000000
281474976710655.000000	10.296347	2748	3640432128.000000
281474976710655.000000	10.287817	2749	3641485824.000000
281474976710655.000000	10.306507	2750	3642500352.000000
281474976710655.000000	10.332272	2751	3643554304.000000
281474976710655.000000	10.283812	2752	3644568832.000000
281474976710655.000000	10.506900	2753	3645623552.000000
281474976710655.000000	10.425747	2754	3646637056.000000
281474976710655.000000	10.327024	2755	3647692800.000000
281474976710655.000000	10.537601	2756	3648705280.000000
281474976710655.000000	10.300492	2757	3649762304.000000
281474976710655.000000	10.415930	2758	3650774272.000000
