crossing time (s)	slope (V/s)	crossing number
281474976710655.000000	36.314743	4743	0.000000
281474976710655.000000	41.114372	4744	0.000000
281474976710655.000000	41.511753	4745	0.000000
281474976710655.000000	43.715263	4746	0.000000
281474976710655.000000	36.817822	4747	0.000000
281474976710655.000000	43.645935	4748	0.000000
281474976710655.000000	48.343254	4749	0.000000
281474976710655.000000	33.601536	4750	0.000000
281474976710655.000000	53.262791	4751	0.000000
281474976710655.000000	43.423630	4752	0.000000
281474976710655.000000	43.738979	4753	0.000000
281474976710655.000000	40.207829	4754	0.000000
281474976710655.000000	40.704865	4755	0.000000
281474976710655.000000	37.015953	4756	0.000000
281474976710655.000000	42.433384	4757	0.000000
281474976710655.000000	42.689510	4758	0.000000
281474976710655.000000	52.570553	4759	0.000000
281474976710655.000000	42.142345	4760	0.000000
281474976710655.000000	35.519775	4761	0.000000
281474976710655.000000	47.083683	4762	0.000000
281474976710655.000000	42.586426	4763	0.000000
281474976710655.000000	42.718845	4764	0.000000
281474976710655.000000	35.058743	4765	0.000000
281474976710655.000000	35.244408	4766	0.000000
281474976710655.000000	36.387451	4767	0.000000
281474976710655.000000	35.244953	4768	0.000000
281474976710655.000000	35.597401	4769	0.000000
281474976710655.000000	35.312267	4770	0.000000
281474976710655.000000	43.885731	4771	0.000000
281474976710655.000000	36.762589	4772	0.000000
281474976710655.000000	41.202827	4773	0.000000
281474976710655.000000	35.078072	4774	0.000000
281474976710655.000000	41.493729	4775	0.000000
281474976710655.000000	51.413605	4776	0.000000
281474976710655.000000	41.732216	4777	0.000000
281474976710655.000000	41.781292	4778	0.000000
281474976710655.000000	39.342518	4779	0.000000
281474976710655.000000	42.738155	4780	0.000000
281474976710655.000000	41.134056	4781	0.000000
281474976710655.000000	34.404461	4782	0.000000
281474976710655.000000	50.956654	4783	0.000000
281474976710655.000000	34.189621	4784	0.000000
281474976710655.000000	40.990467	4785	0.000000
281474976710655.000000	42.104027	4786	0.000000
281474976710655.000000	42.700153	4787	0.000000
281474976710655.000000	40.743084	4788	0.000000
281474976710655.000000	42.102165	4789	0.000000
281474976710655.000000	36.041489	4790	0.000000
281474976710655.000000	38.501595	4791	0.000000
281474976710655.000000	44.165878	4792	0.000000
281474976710655.000000	50.288437	4793	0.000000
281474976710655.000000	35.407261	4794	0.000000
281474976710655.000000	36.497372	4795	0.000000
281474976710655.000000	36.356709	4796	0.000000
281474976710655.000000	33.577801	4797	0.000000
281474976710655.000000	41.081104	4798	0.000000
281474976710655.000000	41.515911	4799	0.000000
281474976710655.000000	49.233223	4800	0.000000
281474976710655.000000	35.315365	4801	0.000000
281474976710655.000000	49.865234	4802	0.000000
281474976710655.000000	40.026047	4803	0.000000
281474976710655.000000	40.857071	4804	0.000000
281474976710655.000000	40.218307	4805	0.000000
281474976710655.000000	37.289761	4806	0.000000
281474976710655.000000	40.864952	4807	0.000000
281474976710655.000000	39.291435	4808	0.000000
281474976710655.000000	34.982830	4809	0.000000
281474976710655.000000	41.567684	4810	0.000000
281474976710655.000000	37.650452	4811	0.000000
281474976710655.000000	48.746708	4812	0.000000
281474976710655.000000	37.657768	4813	0.000000
281474976710655.000000	41.339748	4814	0.000000
281474976710655.000000	38.915333	4815	0.000000
281474976710655.000000	34.507671	4816	0.000000
281474976710655.000000	39.388859	4817	0.000000
281474976710655.000000	48.436264	4818	0.000000
281474976710655.000000	38.745995	4819	0.000000
281474976710655.000000	39.077732	4820	0.000000
281474976710655.000000	38.814594	4821	0.000000
281474976710655.000000	34.166275	4822	0.000000
281474976710655.000000	34.284424	4823	0.000000
281474976710655.000000	32.506874	4824	0.000000
281474976710655.000000	32.165787	4825	0.000000
281474976710655.000000	38.403648	4826	0.000000
281474976710655.000000	44.743301	4827	0.000000
281474976710655.000000	36.438488	4828	0.000000
281474976710655.000000	36.690834	4829	0.000000
281474976710655.000000	40.206451	4830	0.000000
281474976710655.000000	38.189442	4831	0.000000
281474976710655.000000	38.000645	4832	0.000000
281474976710655.000000	32.344234	4833	0.000000
281474976710655.000000	39.848835	4834	0.000000
281474976710655.000000	40.030167	4835	0.000000
281474976710655.000000	35.915947	4836	0.000000
281474976710655.000000	38.038979	4837	0.000000
281474976710655.000000	35.837067	4838	0.000000
281474976710655.000000	38.183449	4839	0.000000
281474976710655.000000	31.604425	4840	0.000000
281474976710655.000000	37.560787	4841	0.000000
281474976710655.000000	37.884960	4842	0.000000
281474976710655.000000	37.346607	4843	0.000000
281474976710655.000000	40.222954	4844	0.000000
281474976710655.000000	41.303471	4845	0.000000
281474976710655.000000	31.587311	4846	0.000000
281474976710655.000000	37.544994	4847	0.000000
281474976710655.000000	38.874428	4848	0.000000
281474976710655.000000	44.056763	4849	0.000000
281474976710655.000000	37.336029	4850	0.000000
281474976710655.000000	37.185856	4851	0.000000
281474976710655.000000	32.847496	4852	0.000000
281474976710655.000000	37.345589	4853	0.000000
281474976710655.000000	37.280891	4854	0.000000
281474976710655.000000	32.628166	4855	0.000000
281474976710655.000000	32.728092	4856	0.000000
281474976710655.000000	36.912540	4857	0.000000
281474976710655.000000	37.209900	4858	0.000000
281474976710655.000000	35.166618	4859	0.000000
281474976710655.000000	32.810482	4860	0.000000
281474976710655.000000	30.607296	4861	0.000000
281474976710655.000000	36.417789	4862	0.000000
281474976710655.000000	32.332642	4863	0.000000
281474976710655.000000	37.987610	4864	0.000000
281474976710655.000000	34.850903	4865	0.000000
281474976710655.000000	39.881481	4866	0.000000
281474976710655.000000	40.529541	4867	0.000000
281474976710655.000000	35.914295	4868	0.000000
281474976710655.000000	30.484118	4869	0.000000
281474976710655.000000	34.285450	4870	0.000000
281474976710655.000000	34.379032	4871	0.000000
281474976710655.000000	31.687338	4872	0.000000
281474976710655.000000	34.214928	4873	0.000000
281474976710655.000000	36.250244	4874	0.000000
281474976710655.000000	35.946651	4875	0.000000
281474976710655.000000	35.854961	4876	0.000000
281474976710655.000000	35.902443	4877	0.000000
281474976710655.000000	30.591063	4878	0.000000
281474976710655.000000	39.292088	4879	0.000000
281474976710655.000000	39.329491	4880	0.000000
281474976710655.000000	42.275127	4881	0.000000
281474976710655.000000	36.929211	4882	0.000000
281474976710655.000000	39.287170	4883	0.000000
281474976710655.000000	35.571796	4884	0.000000
281474976710655.000000	35.811047	4885	0.000000
281474976710655.000000	35.563938	4886	0.000000
281474976710655.000000	31.097269	4887	0.000000
281474976710655.000000	38.986862	4888	0.000000
281474976710655.000000	31.168715	4889	0.000000
281474976710655.000000	33.825489	4890	0.000000
281474976710655.000000	30.787428	4891	0.000000
281474976710655.000000	41.780071	4892	0.000000
281474976710655.000000	35.660225	4893	0.000000
281474976710655.000000	36.211456	4894	0.000000
281474976710655.000000	31.742464	4895	0.000000
281474976710655.000000	31.331264	4896	0.000000
281474976710655.000000	35.044128	4897	0.000000
281474976710655.000000	36.448795	4898	0.000000
281474976710655.000000	36.314240	4899	0.000000
281474976710655.000000	34.214279	4900	0.000000
281474976710655.000000	36.267418	4901	0.000000
281474976710655.000000	33.031593	4902	0.000000
281474976710655.000000	34.563709	4903	0.000000
281474976710655.000000	34.730717	4904	0.000000
281474976710655.000000	38.446526	4905	0.000000
281474976710655.000000	30.091681	4906	0.000000
281474976710655.000000	34.749844	4907	0.000000
281474976710655.000000	31.260538	4908	0.000000
281474976710655.000000	35.803062	4909	0.000000
281474976710655.000000	30.774225	4910	0.000000
281474976710655.000000	30.353252	4911	0.000000
281474976710655.000000	35.217194	4912	0.000000
281474976710655.000000	34.724251	4913	0.000000
281474976710655.000000	37.440823	4914	0.000000
281474976710655.000000	32.320232	4915	0.000000
281474976710655.000000	33.812008	4916	0.000000
281474976710655.000000	37.348831	4917	0.000000
281474976710655.000000	30.225763	4918	0.000000
281474976710655.000000	42.247257	4919	0.000000
281474976710655.000000	33.713680	4920	0.000000
281474976710655.000000	35.144615	4921	0.000000
281474976710655.000000	29.683107	4922	0.000000
281474976710655.000000	33.561256	4923	0.000000
281474976710655.000000	31.766249	4924	0.000000
281474976710655.000000	31.663652	4925	0.000000
281474976710655.000000	31.415501	4926	0.000000
281474976710655.000000	33.180630	4927	0.000000
281474976710655.000000	33.625786	4928	0.000000
281474976710655.000000	34.957920	4929	0.000000
281474976710655.000000	34.893394	4930	0.000000
281474976710655.000000	27.678377	4931	0.000000
281474976710655.000000	36.707115	4932	0.000000
281474976710655.000000	31.473282	4933	0.000000
281474976710655.000000	34.982075	4934	0.000000
281474976710655.000000	33.388023	4935	0.000000
281474976710655.000000	30.972422	4936	0.000000
281474976710655.000000	33.544613	4937	0.000000
281474976710655.000000	34.501152	4938	0.000000
281474976710655.000000	38.869564	4939	0.000000
281474976710655.000000	29.317583	4940	0.000000
281474976710655.000000	36.777164	4941	0.000000
281474976710655.000000	32.512993	4942	0.000000
281474976710655.000000	31.309481	4943	0.000000
281474976710655.000000	31.274878	4944	0.000000
281474976710655.000000	32.622162	4945	0.000000
281474976710655.000000	31.179487	4946	0.000000
281474976710655.000000	30.175135	4947	0.000000
281474976710655.000000	32.374081	4948	0.000000
281474976710655.000000	33.655018	4949	0.000000
281474976710655.000000	33.241837	4950	0.000000
281474976710655.000000	32.842552	4951	0.000000
281474976710655.000000	28.338753	4952	0.000000
281474976710655.000000	32.318409	4953	0.000000
281474976710655.000000	32.290375	4954	0.000000
281474976710655.000000	33.339119	4955	0.000000
281474976710655.000000	33.072582	4956	0.000000
281474976710655.000000	29.904781	4957	0.000000
281474976710655.000000	32.335201	4958	0.000000
281474976710655.000000	33.322693	4959	0.000000
281474976710655.000000	34.760273	4960	0.000000
281474976710655.000000	33.204361	4961	0.000000
281474976710655.000000	32.795773	4962	0.000000
281474976710655.000000	28.407135	4963	0.000000
281474976710655.000000	29.432848	4964	0.000000
281474976710655.000000	31.662279	4965	0.000000
281474976710655.000000	31.621794	4966	0.000000
281474976710655.000000	32.784904	4967	0.000000
281474976710655.000000	31.314650	4968	0.000000
281474976710655.000000	32.038017	4969	0.000000
281474976710655.000000	27.660158	4970	0.000000
281474976710655.000000	37.064556	4971	0.000000
281474976710655.000000	30.885561	4972	0.000000
281474976710655.000000	31.105539	4973	0.000000
281474976710655.000000	29.271614	4974	0.000000
281474976710655.000000	30.675873	4975	0.000000
281474976710655.000000	29.984449	4976	0.000000
281474976710655.000000	31.155596	4977	0.000000
281474976710655.000000	27.933105	4978	0.000000
281474976710655.000000	30.634291	4979	0.000000
281474976710655.000000	28.998976	4980	0.000000
281474976710655.000000	30.429924	4981	0.000000
281474976710655.000000	35.264744	4982	0.000000
281474976710655.000000	31.017366	4983	0.000000
281474976710655.000000	29.133966	4984	0.000000
281474976710655.000000	29.154774	4985	0.000000
281474976710655.000000	31.101500	4986	0.000000
281474976710655.000000	36.088657	4987	0.000000
281474976710655.000000	27.851175	4988	0.000000
281474976710655.000000	30.671879	4989	0.000000
281474976710655.000000	31.392036	4990	0.000000
281474976710655.000000	27.822388	4991	0.000000
281474976710655.000000	33.451946	4992	0.000000
281474976710655.000000	27.170271	4993	0.000000
281474976710655.000000	31.831354	4994	0.000000
281474976710655.000000	27.174774	4995	0.000000
281474976710655.000000	26.936539	4996	0.000000
281474976710655.000000	29.683201	4997	0.000000
281474976710655.000000	28.855530	4998	0.000000
281474976710655.000000	28.416162	4999	0.000000
281474976710655.000000	28.236671	5000	0.000000
281474976710655.000000	31.609774	5001	0.000000
281474976710655.000000	31.454458	5002	0.000000
281474976710655.000000	32.152424	5003	0.000000
281474976710655.000000	32.913452	5004	0.000000
281474976710655.000000	30.047262	5005	0.000000
281474976710655.000000	28.845121	5006	0.000000
281474976710655.000000	27.909914	5007	0.000000
281474976710655.000000	30.140778	5008	0.000000
281474976710655.000000	30.271511	5009	0.000000
281474976710655.000000	29.840506	5010	0.000000
281474976710655.000000	25.692392	5011	0.000000
281474976710655.000000	27.769388	5012	0.000000
281474976710655.000000	25.979563	5013	0.000000
281474976710655.000000	29.664356	5014	0.000000
281474976710655.000000	30.444841	5015	0.000000
281474976710655.000000	32.452438	5016	0.000000
281474976710655.000000	30.098516	5017	0.000000
281474976710655.000000	28.308468	5018	0.000000
281474976710655.000000	28.781315	5019	0.000000
281474976710655.000000	29.481558	5020	0.000000
281474976710655.000000	29.014660	5021	0.000000
281474976710655.000000	30.157774	5022	0.000000
281474976710655.000000	29.868395	5023	0.000000
281474976710655.000000	31.991009	5024	0.000000
281474976710655.000000	32.503616	5025	0.000000
281474976710655.000000	27.245026	5026	0.000000
281474976710655.000000	27.827368	5027	0.000000
281474976710655.000000	28.946444	5028	0.000000
281474976710655.000000	27.946838	5029	0.000000
281474976710655.000000	31.112471	5030	0.000000
281474976710655.000000	30.045437	5031	0.000000
281474976710655.000000	27.638069	5032	0.000000
281474976710655.000000	26.418968	5033	0.000000
281474976710655.000000	30.116060	5034	0.000000
281474976710655.000000	28.743195	5035	0.000000
281474976710655.000000	28.120766	5036	0.000000
281474976710655.000000	28.483515	5037	0.000000
281474976710655.000000	24.929804	5038	0.000000
281474976710655.000000	28.076195	5039	0.000000
281474976710655.000000	28.837835	5040	0.000000
281474976710655.000000	26.669081	5041	0.000000
281474976710655.000000	27.404598	5042	0.000000
281474976710655.000000	28.962801	5043	0.000000
281474976710655.000000	28.279020	5044	0.000000
281474976710655.000000	31.610556	5045	0.000000
281474976710655.000000	26.999714	5046	0.000000
281474976710655.000000	27.825848	5047	0.000000
281474976710655.000000	27.796936	5048	0.000000
281474976710655.000000	26.941631	5049	0.000000
281474976710655.000000	28.576305	5050	0.000000
281474976710655.000000	30.800465	5051	0.000000
281474976710655.000000	28.172209	5052	0.000000
281474976710655.000000	29.379047	5053	0.000000
281474976710655.000000	30.839903	5054	0.000000
281474976710655.000000	30.793718	5055	0.000000
281474976710655.000000	26.441362	5056	0.000000
281474976710655.000000	28.017315	5057	0.000000
281474976710655.000000	30.840416	5058	0.000000
281474976710655.000000	28.036568	5059	0.000000
281474976710655.000000	29.531340	5060	0.000000
281474976710655.000000	28.006836	5061	0.000000
281474976710655.000000	26.038994	5062	0.000000
281474976710655.000000	26.532867	5063	0.000000
281474976710655.000000	26.501602	5064	0.000000
281474976710655.000000	23.899576	5065	0.000000
281474976710655.000000	27.224117	5066	0.000000
281474976710655.000000	26.929230	5067	0.000000
281474976710655.000000	25.799795	5068	0.000000
281474976710655.000000	28.351217	5069	0.000000
281474976710655.000000	27.371658	5070	0.000000
281474976710655.000000	26.974564	5071	0.000000
281474976710655.000000	27.609081	5072	0.000000
281474976710655.000000	28.239040	5073	0.000000
281474976710655.000000	27.945623	5074	0.000000
281474976710655.000000	30.243925	5075	0.000000
281474976710655.000000	26.229113	5076	0.000000
281474976710655.000000	28.715429	5077	0.000000
281474976710655.000000	27.922733	5078	0.000000
281474976710655.000000	31.245073	5079	0.000000
281474976710655.000000	25.314692	5080	0.000000
281474976710655.000000	25.252657	5081	0.000000
281474976710655.000000	25.633213	5082	0.000000
281474976710655.000000	26.378292	5083	0.000000
281474976710655.000000	25.004171	5084	0.000000
281474976710655.000000	26.208393	5085	0.000000
281474976710655.000000	27.568125	5086	0.000000
281474976710655.000000	27.133698	5087	0.000000
281474976710655.000000	26.325727	5088	0.000000
281474976710655.000000	26.960781	5089	0.000000
281474976710655.000000	28.612120	5090	0.000000
281474976710655.000000	26.500307	5091	0.000000
281474976710655.000000	25.025442	5092	0.000000
281474976710655.000000	26.526276	5093	0.000000
281474976710655.000000	27.718117	5094	0.000000
281474976710655.000000	26.506195	5095	0.000000
281474976710655.000000	27.468506	5096	0.000000
281474976710655.000000	25.915686	5097	0.000000
281474976710655.000000	25.886089	5098	0.000000
281474976710655.000000	25.955822	5099	0.000000
281474976710655.000000	27.532932	5100	0.000000
281474976710655.000000	25.828800	5101	0.000000
281474976710655.000000	24.698006	5102	0.000000
281474976710655.000000	26.064388	5103	0.000000
281474976710655.000000	25.224401	5104	0.000000
281474976710655.000000	24.454407	5105	0.000000
281474976710655.000000	27.956821	5106	0.000000
281474976710655.000000	25.074795	5107	0.000000
281474976710655.000000	28.679974	5108	0.000000
281474976710655.000000	27.150394	5109	0.000000
281474976710655.000000	25.552694	5110	0.000000
281474976710655.000000	24.168751	5111	0.000000
281474976710655.000000	25.693077	5112	0.000000
281474976710655.000000	26.886507	5113	0.000000
281474976710655.000000	28.339270	5114	0.000000
281474976710655.000000	26.895790	5115	0.000000
281474976710655.000000	24.792269	5116	0.000000
281474976710655.000000	22.178804	5117	0.000000
281474976710655.000000	26.100904	5118	0.000000
281474976710655.000000	26.858891	5119	0.000000
281474976710655.000000	26.419157	5120	0.000000
281474976710655.000000	25.243902	5121	0.000000
281474976710655.000000	26.817707	5122	0.000000
281474976710655.000000	26.132679	5123	0.000000
281474976710655.000000	25.631973	5124	0.000000
281474976710655.000000	26.942993	5125	0.000000
281474976710655.000000	25.780743	5126	0.000000
281474976710655.000000	25.415829	5127	0.000000
281474976710655.000000	25.005041	5128	0.000000
281474976710655.000000	26.728868	5129	0.000000
281474976710655.000000	24.931040	5130	0.000000
281474976710655.000000	25.235468	5131	0.000000
281474976710655.000000	25.445560	5132	0.000000
281474976710655.000000	24.758965	5133	0.000000
281474976710655.000000	25.548286	5134	0.000000
281474976710655.000000	25.584728	5135	0.000000
281474976710655.000000	25.547312	5136	0.000000
281474976710655.000000	26.125839	5137	0.000000
281474976710655.000000	27.717882	5138	0.000000
281474976710655.000000	24.152370	5139	0.000000
281474976710655.000000	26.937500	5140	0.000000
281474976710655.000000	24.696072	5141	0.000000
281474976710655.000000	26.892143	5142	0.000000
281474976710655.000000	24.284653	5143	0.000000
281474976710655.000000	24.965363	5144	0.000000
281474976710655.000000	24.960569	5145	0.000000
281474976710655.000000	23.996113	5146	0.000000
281474976710655.000000	23.081688	5147	0.000000
281474976710655.000000	25.833706	5148	0.000000
281474976710655.000000	26.277834	5149	0.000000
281474976710655.000000	27.557419	5150	0.000000
281474976710655.000000	26.627329	5151	0.000000
281474976710655.000000	24.742004	5152	0.000000
281474976710655.000000	24.071539	5153	0.000000
281474976710655.000000	24.773804	5154	0.000000
281474976710655.000000	25.499022	5155	0.000000
281474976710655.000000	24.498167	5156	0.000000
281474976710655.000000	24.224480	5157	0.000000
281474976710655.000000	25.350443	5158	0.000000
281474976710655.000000	26.357761	5159	0.000000
281474976710655.000000	24.388273	5160	0.000000
281474976710655.000000	26.974438	5161	0.000000
281474976710655.000000	25.480482	5162	0.000000
281474976710655.000000	25.414404	5163	0.000000
281474976710655.000000	23.305016	5164	0.000000
281474976710655.000000	26.458876	5165	0.000000
281474976710655.000000	25.401096	5166	0.000000
281474976710655.000000	24.051874	5167	0.000000
281474976710655.000000	24.825523	5168	0.000000
281474976710655.000000	23.147619	5169	0.000000
281474976710655.000000	25.422014	5170	0.000000
281474976710655.000000	24.369581	5171	0.000000
281474976710655.000000	26.603468	5172	0.000000
281474976710655.000000	23.652491	5173	0.000000
281474976710655.000000	24.181145	5174	0.000000
281474976710655.000000	26.054209	5175	0.000000
281474976710655.000000	22.335581	5176	0.000000
281474976710655.000000	23.195961	5177	0.000000
281474976710655.000000	24.202560	5178	0.000000
281474976710655.000000	24.117950	5179	0.000000
281474976710655.000000	23.712978	5180	0.000000
281474976710655.000000	22.060135	5181	0.000000
281474976710655.000000	23.598639	5182	0.000000
281474976710655.000000	22.945309	5183	0.000000
281474976710655.000000	22.908649	5184	0.000000
281474976710655.000000	23.478437	5185	0.000000
281474976710655.000000	24.879286	5186	0.000000
281474976710655.000000	24.549917	5187	0.000000
281474976710655.000000	22.853960	5188	0.000000
281474976710655.000000	25.225664	5189	0.000000
281474976710655.000000	23.894144	5190	0.000000
281474976710655.000000	22.797729	5191	0.000000
281474976710655.000000	24.743700	5192	0.000000
281474976710655.000000	25.232203	5193	0.000000
281474976710655.000000	24.032999	5194	0.000000
281474976710655.000000	22.980356	5195	0.000000
281474976710655.000000	23.640608	5196	0.000000
281474976710655.000000	22.731396	5197	0.000000
281474976710655.000000	23.818981	5198	0.000000
281474976710655.000000	23.431038	5199	0.000000
281474976710655.000000	23.761635	5200	0.000000
281474976710655.000000	24.131880	5201	0.000000
281474976710655.000000	23.593834	5202	0.000000
281474976710655.000000	23.997488	5203	0.000000
281474976710655.000000	22.355391	5204	0.000000
281474976710655.000000	22.955145	5205	0.000000
281474976710655.000000	22.427839	5206	0.000000
281474976710655.000000	22.472010	5207	0.000000
281474976710655.000000	22.782835	5208	0.000000
281474976710655.000000	24.657768	5209	0.000000
281474976710655.000000	22.843813	5210	0.000000
281474976710655.000000	23.762609	5211	0.000000
281474976710655.000000	23.504156	5212	0.000000
281474976710655.000000	22.753321	5213	0.000000
281474976710655.000000	21.455893	5214	0.000000
281474976710655.000000	21.460163	5215	0.000000
281474976710655.000000	21.512213	5216	0.000000
281474976710655.000000	22.219133	5217	0.000000
281474976710655.000000	22.032063	5218	0.000000
281474976710655.000000	22.733076	5219	0.000000
281474976710655.000000	23.739944	5220	0.000000
281474976710655.000000	22.306314	5221	0.000000
281474976710655.000000	23.071257	5222	0.000000
281474976710655.000000	22.421261	5223	0.000000
281474976710655.000000	22.978897	5224	0.000000
281474976710655.000000	23.162325	5225	0.000000
281474976710655.000000	24.235823	5226	0.000000
281474976710655.000000	22.813713	5227	0.000000
281474976710655.000000	21.021570	5228	0.000000
281474976710655.000000	23.319084	5229	0.000000
281474976710655.000000	21.843199	5230	0.000000
281474976710655.000000	22.065817	5231	0.000000
281474976710655.000000	22.712721	5232	0.000000
281474976710655.000000	20.919996	5233	0.000000
281474976710655.000000	21.516068	5234	0.000000
281474976710655.000000	22.139219	5235	0.000000
281474976710655.000000	21.770712	5236	0.000000
281474976710655.000000	22.753241	5237	0.000000
281474976710655.000000	22.614698	5238	0.000000
281474976710655.000000	21.443106	5239	0.000000
281474976710655.000000	21.737469	5240	0.000000
281474976710655.000000	21.932137	5241	0.000000
281474976710655.000000	20.597107	5242	0.000000
281474976710655.000000	22.088129	5243	0.000000
281474976710655.000000	22.474447	5244	0.000000
281474976710655.000000	21.768259	5245	0.000000
281474976710655.000000	20.867954	5246	0.000000
281474976710655.000000	21.062845	5247	0.000000
281474976710655.000000	21.812977	5248	0.000000
281474976710655.000000	22.387114	5249	0.000000
281474976710655.000000	21.426764	5250	0.000000
281474976710655.000000	19.950636	5251	0.000000
281474976710655.000000	20.227116	5252	0.000000
281474976710655.000000	21.812559	5253	0.000000
281474976710655.000000	21.149965	5254	0.000000
281474976710655.000000	21.713633	5255	0.000000
281474976710655.000000	22.428425	5256	0.000000
281474976710655.000000	22.206511	5257	0.000000
281474976710655.000000	21.980860	5258	0.000000
281474976710655.000000	21.645021	5259	0.000000
281474976710655.000000	21.729712	5260	0.000000
281474976710655.000000	20.794874	5261	0.000000
281474976710655.000000	20.885778	5262	0.000000
281474976710655.000000	20.525753	5263	0.000000
281474976710655.000000	21.504877	5264	0.000000
281474976710655.000000	19.558203	5265	0.000000
281474976710655.000000	21.496204	5266	0.000000
281474976710655.000000	21.481960	5267	0.000000
281474976710655.000000	21.567753	5268	0.000000
281474976710655.000000	21.629932	5269	0.000000
281474976710655.000000	19.950136	5270	0.000000
281474976710655.000000	21.052870	5271	0.000000
281474976710655.000000	20.660185	5272	0.000000
281474976710655.000000	20.493795	5273	0.000000
281474976710655.000000	21.200710	5274	0.000000
281474976710655.000000	21.535873	5275	0.000000
281474976710655.000000	21.699419	5276	0.000000
281474976710655.000000	20.500883	5277	0.000000
281474976710655.000000	21.465965	5278	0.000000
281474976710655.000000	20.188419	5279	0.000000
281474976710655.000000	21.625332	5280	0.000000
281474976710655.000000	20.595493	5281	0.000000
281474976710655.000000	22.184175	5282	0.000000
281474976710655.000000	21.012205	5283	0.000000
281474976710655.000000	21.230183	5284	0.000000
281474976710655.000000	20.370968	5285	0.000000
281474976710655.000000	20.602451	5286	0.000000
281474976710655.000000	21.109045	5287	0.000000
281474976710655.000000	21.781782	5288	0.000000
281474976710655.000000	20.481524	5289	0.000000
281474976710655.000000	20.423059	5290	0.000000
281474976710655.000000	19.878111	5291	0.000000
281474976710655.000000	21.706802	5292	0.000000
281474976710655.000000	20.373871	5293	0.000000
281474976710655.000000	20.128304	5294	0.000000
281474976710655.000000	20.153091	5295	0.000000
281474976710655.000000	19.838509	5296	0.000000
281474976710655.000000	19.965071	5297	0.000000
281474976710655.000000	20.514345	5298	0.000000
281474976710655.000000	18.832455	5299	0.000000
281474976710655.000000	20.225887	5300	0.000000
281474976710655.000000	20.154709	5301	0.000000
281474976710655.000000	20.986498	5302	0.000000
281474976710655.000000	19.376890	5303	0.000000
281474976710655.000000	20.209959	5304	0.000000
281474976710655.000000	20.887403	5305	0.000000
281474976710655.000000	20.061728	5306	0.000000
281474976710655.000000	20.599091	5307	0.000000
281474976710655.000000	20.056904	5308	0.000000
281474976710655.000000	19.973444	5309	0.000000
281474976710655.000000	19.418184	5310	0.000000
281474976710655.000000	20.065536	5311	0.000000
281474976710655.000000	20.438293	5312	0.000000
281474976710655.000000	19.599537	5313	0.000000
281474976710655.000000	18.262102	5314	0.000000
281474976710655.000000	20.282522	5315	0.000000
281474976710655.000000	19.484364	5316	0.000000
281474976710655.000000	19.684313	5317	0.000000
281474976710655.000000	18.800840	5318	0.000000
281474976710655.000000	19.673178	5319	0.000000
281474976710655.000000	18.558229	5320	0.000000
281474976710655.000000	20.014412	5321	0.000000
281474976710655.000000	19.555527	5322	0.000000
281474976710655.000000	19.544209	5323	0.000000
281474976710655.000000	19.690582	5324	0.000000
281474976710655.000000	19.539637	5325	0.000000
281474976710655.000000	20.098986	5326	0.000000
281474976710655.000000	19.335373	5327	0.000000
281474976710655.000000	19.449810	5328	0.000000
281474976710655.000000	19.409107	5329	0.000000
281474976710655.000000	20.255659	5330	0.000000
281474976710655.000000	18.965990	5331	0.000000
281474976710655.000000	19.356230	5332	0.000000
281474976710655.000000	18.745438	5333	0.000000
281474976710655.000000	19.166855	5334	0.000000
281474976710655.000000	19.045467	5335	0.000000
281474976710655.000000	19.269304	5336	0.000000
281474976710655.000000	18.171961	5337	0.000000
281474976710655.000000	20.163410	5338	0.000000
281474976710655.000000	18.899199	5339	0.000000
281474976710655.000000	18.873173	5340	0.000000
281474976710655.000000	19.435011	5341	0.000000
281474976710655.000000	18.908161	5342	0.000000
281474976710655.000000	19.480021	5343	0.000000
281474976710655.000000	19.248169	5344	0.000000
281474976710655.000000	19.894114	5345	0.000000
281474976710655.000000	19.198347	5346	0.000000
281474976710655.000000	18.638227	5347	0.000000
281474976710655.000000	19.513746	5348	0.000000
281474976710655.000000	19.346912	5349	0.000000
281474976710655.000000	18.400949	5350	0.000000
281474976710655.000000	19.685511	5351	0.000000
281474976710655.000000	18.786087	5352	0.000000
281474976710655.000000	19.194239	5353	0.000000
281474976710655.000000	20.313944	5354	0.000000
281474976710655.000000	19.081131	5355	0.000000
281474976710655.000000	18.551964	5356	0.000000
281474976710655.000000	18.330015	5357	0.000000
281474976710655.000000	18.783892	5358	0.000000
281474976710655.000000	18.487993	5359	0.000000
281474976710655.000000	18.104975	5360	0.000000
281474976710655.000000	18.732353	5361	0.000000
281474976710655.000000	18.588779	5362	0.000000
281474976710655.000000	17.871130	5363	0.000000
281474976710655.000000	18.235624	5364	0.000000
281474976710655.000000	17.467205	5365	0.000000
281474976710655.000000	19.043339	5366	0.000000
281474976710655.000000	18.081406	5367	0.000000
281474976710655.000000	18.703817	5368	0.000000
281474976710655.000000	18.462425	5369	0.000000
281474976710655.000000	18.431429	5370	0.000000
281474976710655.000000	18.158138	5371	0.000000
281474976710655.000000	18.443411	5372	0.000000
281474976710655.000000	18.824951	5373	0.000000
281474976710655.000000	19.049538	5374	0.000000
281474976710655.000000	17.108250	5375	0.000000
281474976710655.000000	18.073673	5376	0.000000
281474976710655.000000	18.093027	5377	0.000000
281474976710655.000000	18.649988	5378	0.000000
281474976710655.000000	18.538290	5379	0.000000
281474976710655.000000	18.569771	5380	0.000000
281474976710655.000000	18.099030	5381	0.000000
281474976710655.000000	18.133303	5382	0.000000
281474976710655.000000	17.733753	5383	0.000000
281474976710655.000000	18.484360	5384	0.000000
281474976710655.000000	18.322355	5385	0.000000
281474976710655.000000	18.051453	5386	0.000000
281474976710655.000000	17.771441	5387	0.000000
281474976710655.000000	17.858685	5388	0.000000
281474976710655.000000	18.526604	5389	0.000000
281474976710655.000000	18.246538	5390	0.000000
281474976710655.000000	17.839508	5391	0.000000
281474976710655.000000	17.661085	5392	0.000000
281474976710655.000000	17.778339	5393	0.000000
281474976710655.000000	17.876410	5394	0.000000
281474976710655.000000	17.958660	5395	0.000000
281474976710655.000000	16.633896	5396	0.000000
281474976710655.000000	17.880295	5397	0.000000
281474976710655.000000	17.344957	5398	0.000000
281474976710655.000000	17.873238	5399	0.000000
281474976710655.000000	17.659412	5400	0.000000
281474976710655.000000	17.408966	5401	0.000000
281474976710655.000000	17.298052	5402	0.000000
281474976710655.000000	17.628462	5403	0.000000
281474976710655.000000	17.332905	5404	0.000000
281474976710655.000000	17.488741	5405	0.000000
281474976710655.000000	17.440464	5406	0.000000
281474976710655.000000	17.696280	5407	0.000000
281474976710655.000000	17.462059	5408	0.000000
281474976710655.000000	17.011150	5409	0.000000
281474976710655.000000	17.463011	5410	0.000000
281474976710655.000000	17.446106	5411	0.000000
281474976710655.000000	17.426817	5412	0.000000
281474976710655.000000	17.749071	5413	0.000000
281474976710655.000000	16.950367	5414	0.000000
281474976710655.000000	16.928003	5415	0.000000
281474976710655.000000	17.293930	5416	0.000000
281474976710655.000000	16.707619	5417	0.000000
281474976710655.000000	17.010847	5418	0.000000
281474976710655.000000	17.182280	5419	0.000000
281474976710655.000000	17.243780	5420	0.000000
281474976710655.000000	16.959173	5421	0.000000
281474976710655.000000	17.352556	5422	0.000000
281474976710655.000000	17.097977	5423	0.000000
281474976710655.000000	17.235777	5424	0.000000
281474976710655.000000	16.546633	5425	0.000000
281474976710655.000000	17.458977	5426	0.000000
281474976710655.000000	16.859533	5427	0.000000
281474976710655.000000	16.748756	5428	0.000000
281474976710655.000000	16.745989	5429	0.000000
281474976710655.000000	16.452278	5430	0.000000
281474976710655.000000	17.104561	5431	0.000000
281474976710655.000000	17.168188	5432	0.000000
281474976710655.000000	16.345945	5433	0.000000
281474976710655.000000	17.165268	5434	0.000000
281474976710655.000000	16.473055	5435	0.000000
281474976710655.000000	17.423893	5436	0.000000
281474976710655.000000	16.493435	5437	0.000000
281474976710655.000000	16.964193	5438	0.000000
281474976710655.000000	16.970997	5439	0.000000
281474976710655.000000	16.708250	5440	0.000000
281474976710655.000000	16.500904	5441	0.000000
281474976710655.000000	16.406498	5442	0.000000
281474976710655.000000	16.570736	5443	0.000000
281474976710655.000000	16.327852	5444	0.000000
281474976710655.000000	16.288191	5445	0.000000
281474976710655.000000	16.627615	5446	0.000000
281474976710655.000000	16.096163	5447	0.000000
281474976710655.000000	16.055277	5448	0.000000
281474976710655.000000	16.383102	5449	0.000000
281474976710655.000000	16.027401	5450	0.000000
281474976710655.000000	15.982647	5451	0.000000
281474976710655.000000	16.386232	5452	0.000000
281474976710655.000000	16.223219	5453	0.000000
281474976710655.000000	16.126389	5454	0.000000
281474976710655.000000	16.064026	5455	0.000000
281474976710655.000000	16.186712	5456	0.000000
281474976710655.000000	16.057083	5457	0.000000
281474976710655.000000	17.209505	5458	0.000000
281474976710655.000000	15.729987	5459	0.000000
281474976710655.000000	16.099352	5460	0.000000
281474976710655.000000	15.960286	5461	0.000000
281474976710655.000000	15.991410	5462	0.000000
281474976710655.000000	16.207258	5463	0.000000
281474976710655.000000	16.023529	5464	0.000000
281474976710655.000000	15.662671	5465	0.000000
281474976710655.000000	15.612836	5466	0.000000
281474976710655.000000	16.183905	5467	0.000000
281474976710655.000000	15.874310	5468	0.000000
281474976710655.000000	15.665444	5469	0.000000
281474976710655.000000	15.691820	5470	0.000000
281474976710655.000000	15.632766	5471	0.000000
281474976710655.000000	16.062449	5472	0.000000
281474976710655.000000	15.932282	5473	0.000000
281474976710655.000000	15.918185	5474	0.000000
281474976710655.000000	15.778219	5475	0.000000
281474976710655.000000	16.137726	5476	0.000000
281474976710655.000000	15.412881	5477	0.000000
281474976710655.000000	15.911164	5478	0.000000
281474976710655.000000	15.772441	5479	0.000000
281474976710655.000000	16.155094	5480	0.000000
281474976710655.000000	15.443583	5481	0.000000
281474976710655.000000	15.243407	5482	0.000000
281474976710655.000000	15.478779	5483	0.000000
281474976710655.000000	15.608204	5484	0.000000
281474976710655.000000	15.169597	5485	0.000000
281474976710655.000000	15.607784	5486	0.000000
281474976710655.000000	15.484122	5487	0.000000
281474976710655.000000	15.372673	5488	0.000000
281474976710655.000000	15.460389	5489	0.000000
281474976710655.000000	15.273353	5490	0.000000
281474976710655.000000	15.251042	5491	0.000000
281474976710655.000000	15.478644	5492	0.000000
281474976710655.000000	15.506704	5493	0.000000
281474976710655.000000	15.231611	5494	0.000000
281474976710655.000000	15.074422	5495	0.000000
281474976710655.000000	15.563386	5496	0.000000
281474976710655.000000	15.528633	5497	0.000000
281474976710655.000000	15.147269	5498	0.000000
281474976710655.000000	15.282121	5499	0.000000
281474976710655.000000	15.232011	5500	0.000000
281474976710655.000000	15.293711	5501	0.000000
281474976710655.000000	15.451910	5502	0.000000
281474976710655.000000	14.581363	5503	0.000000
281474976710655.000000	15.215565	5504	0.000000
281474976710655.000000	14.927998	5505	0.000000
281474976710655.000000	14.923611	5506	0.000000
281474976710655.000000	14.982283	5507	0.000000
281474976710655.000000	14.883950	5508	0.000000
281474976710655.000000	14.710254	5509	0.000000
281474976710655.000000	15.244998	5510	0.000000
281474976710655.000000	15.528165	5511	0.000000
281474976710655.000000	15.154715	5512	0.000000
281474976710655.000000	15.397358	5513	0.000000
281474976710655.000000	15.034376	5514	0.000000
281474976710655.000000	14.587749	5515	0.000000
281474976710655.000000	14.799992	5516	0.000000
281474976710655.000000	14.634009	5517	0.000000
281474976710655.000000	14.883882	5518	0.000000
281474976710655.000000	14.885135	5519	0.000000
281474976710655.000000	15.020495	5520	0.000000
281474976710655.000000	15.136137	5521	0.000000
281474976710655.000000	15.020524	5522	0.000000
281474976710655.000000	14.661640	5523	0.000000
281474976710655.000000	14.583822	5524	0.000000
281474976710655.000000	14.766912	5525	0.000000
281474976710655.000000	14.943355	5526	0.000000
281474976710655.000000	15.147486	5527	0.000000
281474976710655.000000	14.609430	5528	0.000000
281474976710655.000000	14.644045	5529	0.000000
281474976710655.000000	14.295676	5530	0.000000
281474976710655.000000	14.760048	5531	0.000000
281474976710655.000000	14.021947	5532	0.000000
281474976710655.000000	14.471501	5533	0.000000
281474976710655.000000	13.925954	5534	0.000000
281474976710655.000000	14.048263	5535	0.000000
281474976710655.000000	14.266883	5536	0.000000
281474976710655.000000	14.624877	5537	0.000000
281474976710655.000000	14.466436	5538	0.000000
281474976710655.000000	14.374451	5539	0.000000
281474976710655.000000	14.602612	5540	0.000000
281474976710655.000000	13.833117	5541	0.000000
281474976710655.000000	14.543455	5542	0.000000
281474976710655.000000	14.039460	5543	0.000000
281474976710655.000000	14.507208	5544	0.000000
281474976710655.000000	14.113821	5545	0.000000
281474976710655.000000	14.572915	5546	0.000000
281474976710655.000000	14.276420	5547	0.000000
281474976710655.000000	14.528182	5548	0.000000
281474976710655.000000	14.375223	5549	0.000000
281474976710655.000000	13.899554	5550	0.000000
281474976710655.000000	14.030647	5551	0.000000
281474976710655.000000	14.349837	5552	0.000000
281474976710655.000000	14.330817	5553	0.000000
281474976710655.000000	14.121685	5554	0.000000
281474976710655.000000	14.285616	5555	0.000000
281474976710655.000000	13.980084	5556	0.000000
281474976710655.000000	13.703900	5557	0.000000
281474976710655.000000	14.612064	5558	0.000000
281474976710655.000000	14.413284	5559	0.000000
281474976710655.000000	13.935611	5560	0.000000
281474976710655.000000	14.304690	5561	0.000000
281474976710655.000000	13.623600	5562	0.000000
281474976710655.000000	14.533970	5563	0.000000
281474976710655.000000	14.144732	5564	0.000000
281474976710655.000000	13.705660	5565	0.000000
281474976710655.000000	13.727118	5566	0.000000
281474976710655.000000	13.433559	5567	0.000000
281474976710655.000000	13.832583	5568	0.000000
281474976710655.000000	13.878192	5569	0.000000
281474976710655.000000	13.652680	5570	0.000000
281474976710655.000000	14.183121	5571	0.000000
281474976710655.000000	13.488968	5572	0.000000
281474976710655.000000	13.790593	5573	0.000000
281474976710655.000000	13.755069	5574	0.000000
281474976710655.000000	13.951527	5575	0.000000
281474976710655.000000	13.177639	5576	0.000000
281474976710655.000000	14.092873	5577	0.000000
281474976710655.000000	13.571263	5578	0.000000
281474976710655.000000	14.360851	5579	0.000000
281474976710655.000000	13.662107	5580	0.000000
281474976710655.000000	13.259570	5581	0.000000
281474976710655.000000	13.842039	5582	0.000000
281474976710655.000000	13.545188	5583	0.000000
281474976710655.000000	13.275324	5584	0.000000
281474976710655.000000	13.291455	5585	0.000000
281474976710655.000000	13.154429	5586	0.000000
281474976710655.000000	13.384313	5587	0.000000
281474976710655.000000	13.725626	5588	0.000000
281474976710655.000000	13.195544	5589	0.000000
281474976710655.000000	13.299406	5590	0.000000
281474976710655.000000	13.312058	5591	0.000000
281474976710655.000000	13.285010	5592	0.000000
281474976710655.000000	13.462315	5593	0.000000
281474976710655.000000	13.172883	5594	0.000000
281474976710655.000000	13.008671	5595	0.000000
281474976710655.000000	13.548215	5596	0.000000
281474976710655.000000	13.037360	5597	0.000000
281474976710655.000000	13.102936	5598	0.000000
281474976710655.000000	13.196084	5599	0.000000
281474976710655.000000	12.888408	5600	0.000000
281474976710655.000000	12.769725	5601	0.000000
281474976710655.000000	13.173960	5602	0.000000
281474976710655.000000	12.727234	5603	0.000000
281474976710655.000000	13.649867	5604	0.000000
281474976710655.000000	13.010711	5605	0.000000
281474976710655.000000	12.817917	5606	0.000000
281474976710655.000000	12.971997	5607	0.000000
281474976710655.000000	13.379771	5608	0.000000
281474976710655.000000	12.886319	5609	0.000000
281474976710655.000000	13.146155	5610	0.000000
281474976710655.000000	13.169629	5611	0.000000
281474976710655.000000	13.024721	5612	0.000000
281474976710655.000000	12.837779	5613	0.000000
281474976710655.000000	12.525553	5614	0.000000
281474976710655.000000	12.910579	5615	0.000000
281474976710655.000000	12.907071	5616	0.000000
281474976710655.000000	12.906861	5617	0.000000
281474976710655.000000	12.578415	5618	0.000000
281474976710655.000000	12.610205	5619	0.000000
281474976710655.000000	12.379231	5620	0.000000
281474976710655.000000	12.807632	5621	0.000000
281474976710655.000000	12.867348	5622	0.000000
281474976710655.000000	12.513033	5623	0.000000
281474976710655.000000	12.996883	5624	0.000000
281474976710655.000000	12.411465	5625	0.000000
281474976710655.000000	12.520503	5626	0.000000
281474976710655.000000	12.921963	5627	0.000000
281474976710655.000000	13.110271	5628	0.000000
281474976710655.000000	12.249450	5629	0.000000
281474976710655.000000	12.942144	5630	0.000000
281474976710655.000000	12.511006	5631	0.000000
281474976710655.000000	12.705513	5632	0.000000
281474976710655.000000	12.318186	5633	0.000000
281474976710655.000000	12.766364	5634	0.000000
281474976710655.000000	12.780828	5635	0.000000
281474976710655.000000	12.800724	5636	0.000000
281474976710655.000000	12.241083	5637	0.000000
281474976710655.000000	12.737467	5638	0.000000
281474976710655.000000	12.273808	5639	0.000000
281474976710655.000000	12.497910	5640	0.000000
281474976710655.000000	12.208990	5641	0.000000
281474976710655.000000	12.495442	5642	0.000000
281474976710655.000000	12.159870	5643	0.000000
281474976710655.000000	12.426348	5644	0.000000
281474976710655.000000	12.143643	5645	0.000000
281474976710655.000000	12.343722	5646	0.000000
281474976710655.000000	12.549454	5647	0.000000
281474976710655.000000	12.270759	5648	0.000000
281474976710655.000000	12.287785	5649	0.000000
281474976710655.000000	12.490332	5650	0.000000
281474976710655.000000	12.106897	5651	0.000000
281474976710655.000000	12.342142	5652	0.000000
281474976710655.000000	12.100139	5653	0.000000
281474976710655.000000	11.961878	5654	0.000000
281474976710655.000000	11.804185	5655	0.000000
281474976710655.000000	12.338387	5656	0.000000
281474976710655.000000	12.194872	5657	0.000000
281474976710655.000000	12.106775	5658	0.000000
281474976710655.000000	12.116953	5659	0.000000
281474976710655.000000	11.846141	5660	0.000000
281474976710655.000000	12.119999	5661	0.000000
281474976710655.000000	12.076684	5662	0.000000
281474976710655.000000	12.238869	5663	0.000000
281474976710655.000000	12.193834	5664	0.000000
281474976710655.000000	11.807618	5665	0.000000
281474976710655.000000	11.685469	5666	0.000000
281474976710655.000000	11.901575	5667	0.000000
281474976710655.000000	12.151217	5668	0.000000
281474976710655.000000	12.076477	5669	0.000000
281474976710655.000000	11.911217	5670	0.000000
281474976710655.000000	11.924164	5671	0.000000
281474976710655.000000	12.172399	5672	0.000000
281474976710655.000000	11.897839	5673	0.000000
281474976710655.000000	11.982114	5674	0.000000
281474976710655.000000	11.748403	5675	0.000000
281474976710655.000000	11.915321	5676	0.000000
281474976710655.000000	11.670276	5677	0.000000
281474976710655.000000	12.223044	5678	0.000000
281474976710655.000000	11.972013	5679	0.000000
281474976710655.000000	11.960619	5680	0.000000
281474976710655.000000	11.643414	5681	0.000000
281474976710655.000000	11.696340	5682	0.000000
281474976710655.000000	11.855876	5683	0.000000
281474976710655.000000	11.804270	5684	0.000000
281474976710655.000000	11.618557	5685	0.000000
281474976710655.000000	11.612684	5686	0.000000
281474976710655.000000	11.695302	5687	0.000000
281474976710655.000000	11.700724	5688	0.000000
281474976710655.000000	11.627173	5689	0.000000
281474976710655.000000	11.954958	5690	0.000000
281474976710655.000000	11.701006	5691	0.000000
281474976710655.000000	11.783608	5692	0.000000
281474976710655.000000	11.477029	5693	0.000000
281474976710655.000000	11.769516	5694	0.000000
281474976710655.000000	11.628325	5695	0.000000
281474976710655.000000	11.770455	5696	0.000000
281474976710655.000000	11.296976	5697	0.000000
281474976710655.000000	11.715981	5698	0.000000
281474976710655.000000	11.364471	5699	0.000000
281474976710655.000000	11.554219	5700	0.000000
281474976710655.000000	11.318577	5701	0.000000
281474976710655.000000	11.502708	5702	0.000000
281474976710655.000000	11.492689	5703	0.000000
281474976710655.000000	11.497213	5704	0.000000
281474976710655.000000	11.438186	5705	0.000000
281474976710655.000000	11.412241	5706	0.000000
281474976710655.000000	11.458818	5707	0.000000
281474976710655.000000	11.636741	5708	0.000000
281474976710655.000000	11.287914	5709	0.000000
281474976710655.000000	11.406878	5710	0.000000
281474976710655.000000	11.168058	5711	0.000000
281474976710655.000000	11.216982	5712	0.000000
281474976710655.000000	11.194687	5713	0.000000
281474976710655.000000	11.478332	5714	0.000000
281474976710655.000000	11.211860	5715	0.000000
281474976710655.000000	11.364277	5716	0.000000
281474976710655.000000	11.086592	5717	0.000000
281474976710655.000000	11.310365	5718	0.000000
281474976710655.000000	10.826411	5719	0.000000
281474976710655.000000	11.413954	5720	0.000000
281474976710655.000000	10.953082	5721	0.000000
281474976710655.000000	11.369651	5722	0.000000
281474976710655.000000	11.067346	5723	0.000000
281474976710655.000000	11.358715	5724	0.000000
281474976710655.000000	11.013788	5725	0.000000
281474976710655.000000	11.049205	5726	0.000000
281474976710655.000000	11.061477	5727	0.000000
281474976710655.000000	11.095292	5728	0.000000
281474976710655.000000	10.956846	5729	0.000000
281474976710655.000000	11.130442	5730	0.000000
281474976710655.000000	11.041721	5731	0.000000
281474976710655.000000	11.081363	5732	0.000000
281474976710655.000000	10.903418	5733	0.000000
281474976710655.000000	11.206219	5734	0.000000
281474976710655.000000	10.933651	5735	0.000000
281474976710655.000000	11.298675	5736	0.000000
281474976710655.000000	10.999299	5737	0.000000
281474976710655.000000	11.068423	5738	0.000000
281474976710655.000000	10.840051	5739	0.000000
281474976710655.000000	10.972616	5740	0.000000
281474976710655.000000	10.799012	5741	0.000000
281474976710655.000000	10.798990	5742	0.000000
281474976710655.000000	10.828084	5743	0.000000
281474976710655.000000	10.917422	5744	0.000000
281474976710655.000000	10.753158	5745	0.000000
281474976710655.000000	10.808098	5746	0.000000
281474976710655.000000	10.895425	5747	0.000000
281474976710655.000000	10.943940	5748	0.000000
281474976710655.000000	10.782692	5749	0.000000
281474976710655.000000	10.942237	5750	0.000000
281474976710655.000000	10.758824	5751	0.000000
281474976710655.000000	10.701899	5752	0.000000
281474976710655.000000	10.670779	5753	0.000000
281474976710655.000000	10.948613	5754	0.000000
281474976710655.000000	10.768327	5755	0.000000
281474976710655.000000	10.870533	5756	0.000000
281474976710655.000000	10.651416	5757	0.000000
281474976710655.000000	10.933391	5758	0.000000
281474976710655.000000	10.486546	5759	0.000000
281474976710655.000000	10.755994	5760	0.000000
281474976710655.000000	10.626045	5761	0.000000
281474976710655.000000	10.620171	5762	0.000000
281474976710655.000000	10.356951	5763	0.000000
281474976710655.000000	10.907846	5764	0.000000
281474976710655.000000	10.384082	5765	0.000000
281474976710655.000000	10.809269	5766	0.000000
281474976710655.000000	10.494611	5767	0.000000
281474976710655.000000	10.501075	5768	0.000000
281474976710655.000000	10.269778	5769	0.000000
281474976710655.000000	10.679487	5770	0.000000
281474976710655.000000	10.351219	5771	0.000000
281474976710655.000000	10.422044	5772	0.000000
281474976710655.000000	10.457429	5773	0.000000
281474976710655.000000	10.539998	5774	0.000000
281474976710655.000000	10.276573	5775	0.000000
281474976710655.000000	10.617612	5776	0.000000
281474976710655.000000	10.194120	5777	0.000000
281474976710655.000000	10.595788	5778	0.000000
281474976710655.000000	10.294980	5779	0.000000
281474976710655.000000	10.524282	5780	0.000000
281474976710655.000000	10.345692	5781	0.000000
281474976710655.000000	10.514286	5782	0.000000
281474976710655.000000	10.136801	5783	0.000000
281474976710655.000000	10.410315	5784	0.000000
281474976710655.000000	10.029732	5785	0.000000
281474976710655.000000	10.339581	5786	0.000000
281474976710655.000000	10.287733	5787	0.000000
281474976710655.000000	10.444031	5788	0.000000
281474976710655.000000	10.133704	5789	0.000000
281474976710655.000000	10.343242	5790	0.000000
281474976710655.000000	10.159989	5791	0.000000
281474976710655.000000	10.219629	5792	0.000000
281474976710655.000000	10.152416	5793	0.000000
281474976710655.000000	10.269415	5794	0.000000
281474976710655.000000	10.191239	5795	0.000000
281474976710655.000000	10.544766	5796	0.000000
281474976710655.000000	9.941972	5797	0.000000
281474976710655.000000	10.319527	5798	0.000000
281474976710655.000000	9.778254	5799	0.000000
281474976710655.000000	10.125003	5800	0.000000
281474976710655.000000	10.019128	5801	0.000000
281474976710655.000000	10.284361	5802	0.000000
281474976710655.000000	9.948835	5803	0.000000
281474976710655.000000	10.428954	5804	0.000000
281474976710655.000000	9.936441	5805	0.000000
281474976710655.000000	10.073871	5806	0.000000
281474976710655.000000	9.857239	5807	0.000000
281474976710655.000000	10.228705	5808	0.000000
281474976710655.000000	9.842265	5809	0.000000
281474976710655.000000	10.117241	5810	0.000000
281474976710655.000000	9.966868	5811	0.000000
281474976710655.000000	9.976840	5812	0.000000
281474976710655.000000	9.986932	5813	0.000000
281474976710655.000000	10.045273	5814	0.000000
281474976710655.000000	9.809318	5815	0.000000
281474976710655.000000	10.053124	5816	0.000000
281474976710655.000000	9.873135	5817	0.000000
281474976710655.000000	10.003888	5818	0.000000
281474976710655.000000	9.689151	5819	0.000000
281474976710655.000000	9.895849	5820	0.000000
281474976710655.000000	9.798875	5821	0.000000
281474976710655.000000	10.005147	5822	0.000000
281474976710655.000000	9.800898	5823	0.000000
281474976710655.000000	9.957640	5824	0.000000
281474976710655.000000	9.645035	5825	0.000000
281474976710655.000000	10.069514	5826	0.000000
281474976710655.000000	9.562325	5827	0.000000
281474976710655.000000	9.888412	5828	0.000000
281474976710655.000000	9.762778	5829	0.000000
281474976710655.000000	9.771908	5830	0.000000
281474976710655.000000	9.702518	5831	0.000000
281474976710655.000000	10.067980	5832	0.000000
281474976710655.000000	9.552352	5833	0.000000
281474976710655.000000	9.862477	5834	0.000000
281474976710655.000000	9.812749	5835	0.000000
281474976710655.000000	9.702941	5836	0.000000
281474976710655.000000	9.513843	5837	0.000000
281474976710655.000000	9.863923	5838	0.000000
281474976710655.000000	9.649479	5839	0.000000
281474976710655.000000	9.901471	5840	0.000000
281474976710655.000000	9.402132	5841	0.000000
281474976710655.000000	9.864191	5842	0.000000
281474976710655.000000	9.449123	5843	0.000000
281474976710655.000000	9.799578	5844	0.000000
281474976710655.000000	9.433839	5845	0.000000
281474976710655.000000	9.759744	5846	0.000000
281474976710655.000000	9.387398	5847	0.000000
281474976710655.000000	9.797812	5848	0.000000
281474976710655.000000	9.340019	5849	0.000000
281474976710655.000000	9.724158	5850	0.000000
281474976710655.000000	9.455736	5851	0.000000
281474976710655.000000	9.501984	5852	0.000000
281474976710655.000000	9.386273	5853	0.000000
281474976710655.000000	9.505906	5854	0.000000
281474976710655.000000	9.287589	5855	0.000000
281474976710655.000000	9.672507	5856	0.000000
281474976710655.000000	9.356032	5857	0.000000
281474976710655.000000	9.492062	5858	0.000000
281474976710655.000000	9.420398	5859	0.000000
281474976710655.000000	9.463434	5860	0.000000
281474976710655.000000	9.228085	5861	0.000000
281474976710655.000000	9.503976	5862	0.000000
281474976710655.000000	9.378756	5863	0.000000
281474976710655.000000	9.578280	5864	0.000000
281474976710655.000000	9.267771	5865	0.000000
281474976710655.000000	9.576778	5866	0.000000
281474976710655.000000	9.286375	5867	0.000000
281474976710655.000000	9.546442	5868	0.000000
281474976710655.000000	9.179151	5869	0.000000
281474976710655.000000	9.389482	5870	0.000000
281474976710655.000000	9.214051	5871	0.000000
281474976710655.000000	9.425205	5872	0.000000
281474976710655.000000	9.114107	5873	0.000000
281474976710655.000000	9.462115	5874	0.000000
281474976710655.000000	9.178650	5875	0.000000
281474976710655.000000	9.342862	5876	0.000000
281474976710655.000000	9.146158	5877	0.000000
281474976710655.000000	9.406717	5878	0.000000
281474976710655.000000	9.318728	5879	0.000000
281474976710655.000000	9.468006	5880	0.000000
281474976710655.000000	9.102738	5881	0.000000
281474976710655.000000	9.277224	5882	0.000000
281474976710655.000000	9.062796	5883	0.000000
281474976710655.000000	9.251418	5884	0.000000
281474976710655.000000	8.961755	5885	0.000000
281474976710655.000000	9.464875	5886	0.000000
281474976710655.000000	9.081258	5887	0.000000
281474976710655.000000	9.273625	5888	0.000000
281474976710655.000000	8.911847	5889	0.000000
281474976710655.000000	9.346388	5890	0.000000
281474976710655.000000	8.924287	5891	0.000000
281474976710655.000000	9.209919	5892	0.000000
281474976710655.000000	9.089786	5893	0.000000
281474976710655.000000	9.097596	5894	0.000000
281474976710655.000000	8.974633	5895	0.000000
281474976710655.000000	9.209971	5896	0.000000
281474976710655.000000	8.965476	5897	0.000000
281474976710655.000000	9.137277	5898	0.000000
281474976710655.000000	9.149844	5899	0.000000
281474976710655.000000	9.112988	5900	0.000000
281474976710655.000000	8.901569	5901	0.000000
281474976710655.000000	9.064572	5902	0.000000
281474976710655.000000	8.854214	5903	0.000000
281474976710655.000000	8.915133	5904	0.000000
281474976710655.000000	8.921000	5905	0.000000
281474976710655.000000	8.937342	5906	0.000000
281474976710655.000000	8.824621	5907	0.000000
281474976710655.000000	9.244410	5908	0.000000
281474976710655.000000	8.807105	5909	0.000000
281474976710655.000000	9.023358	5910	0.000000
281474976710655.000000	8.871004	5911	0.000000
281474976710655.000000	9.162939	5912	0.000000
281474976710655.000000	8.821296	5913	0.000000
281474976710655.000000	9.018821	5914	0.000000
281474976710655.000000	8.819101	5915	0.000000
281474976710655.000000	8.970735	5916	0.000000
281474976710655.000000	8.723021	5917	0.000000
281474976710655.000000	8.955316	5918	0.000000
281474976710655.000000	8.631696	5919	0.000000
281474976710655.000000	8.932354	5920	0.000000
281474976710655.000000	8.768455	5921	0.000000
281474976710655.000000	9.076856	5922	0.000000
281474976710655.000000	8.815152	5923	0.000000
281474976710655.000000	8.994330	5924	0.000000
